# LAS format log file from PETREL
# Project units are specified as depth units
#==================================================================
~Version information
VERS.   2.0:
WRAP.   NO:
#==================================================================
~Well
STRT .m      1808.8947000 :
STOP .m      2084.3947000 :
STEP .m     0.50000000 :
NULL .        -999.250000 :
COMP.           : COMPANY
WELL.  A15   : WELL
FLD.            : FIELD
LOC.            : LOCATION
SRVC.           : SERVICE COMPANY
DATE.  2024-10-09 18:32:42   : Log Export Date {yyyy-MM-dd HH:mm:ss}
PROV.           : PROVINCE
UWI.      : UNIQUE WELL ID
API.            : API NUMBER
#==================================================================
~Curve
DEPT .m                   : DEPTH
Gamma .gAPI               : Gamma
Perm .mD                  : Perm
Porosity .m3/m3           : Porosity
Resistivity .ohm.m        : Resistivity
LITH ._                   : LITH
~Parameter
#==================================================================
~Ascii
 1808.8947000  -999.250000  -999.250000  -999.250000  -999.250000  -999.250000
 1809.3947000 84.426910400 0.0008188752 0.0018974299 0.6523351073 2.0000000000
 1809.8947000 72.081619263 0.0011717144 0.0019506300 1.2567785978 2.0000000000
 1810.3947000 73.515075684 0.0010556383 0.0019185300 1.0580334663 2.0000000000
 1810.8947000 78.625953674 0.0008144132 0.0018990600 0.6440276504 2.0000000000
 1811.3947000 76.971397400 0.0007018343 0.0019183400 0.4677705467 2.0000000000
 1811.8947000 73.511207581 0.0006235898 0.0019502101 0.3561384976 2.0000000000
 1812.3947000 69.220855713 0.0018475301 0.0019876501 2.9980247021 2.0000000000
 1812.8947000 64.708930969 0.0034190111 0.0019787601 10.368981361 2.0000000000
 1813.3947000 70.941574097 0.0025246853 0.0019096599 6.1138000488 2.0000000000
 1813.8947000 80.041839600 0.0009722578 0.0018656499 0.9544134140 2.0000000000
 1814.3947000 81.134704590 0.0007773966 0.0018694700 0.6074416637 2.0000000000
 1814.8947000 80.090469360 0.0009448573 0.0019046200 0.8612993360 2.0000000000
 1815.3947000 73.719070435 0.0013955231 0.0019667100 1.7508355379 2.0000000000
 1815.8947000 65.925910950 0.0019217739 0.0019741901 3.2926747799 2.0000000000
 1816.3947000 71.385726929 0.0014371125 0.0019052901 1.9909808636 2.0000000000
 1816.8947000 80.382644653 0.0006826480 0.0018502501 0.4791667461 2.0000000000
 1817.3947000 83.296455383 0.0004618292 0.0018331499 0.2238346040 2.0000000000
 1817.8947000 84.586730957 0.0003834356 0.0018249600 0.1558215171 2.0000000000
 1818.3947000 85.261718750 0.0005670715 0.0018179300 0.3437208533 2.0000000000
 1818.8947000 85.772491455 0.0008206406 0.0018202800 0.7177975178 2.0000000000
 1819.3947000 84.695365906 0.0007204042 0.0018342000 0.5439634919 2.0000000000
 1819.8947000 83.194450378 0.0005257405 0.0018217200 0.2940920293 2.0000000000
 1820.3947000 87.501747131 0.0003878336 0.0017727000 0.1699391305 2.0000000000
 1820.8947000 93.359207153 0.0002650747 0.0017270499 0.0840748027 2.0000000000
 1821.3947000 97.285514832 0.0002675352 0.0016954300 0.0891961306 2.0000000000
 1821.8947000 100.69641113 0.0003034154 0.0017303299 0.1096962318 2.0000000000
 1822.3947000 90.757575989 0.0013522910 0.0018457801 1.8903595209 2.0000000000
 1822.8947000 77.255821228 0.0026715256 0.0019011501 6.9132552147 2.0000000000
 1823.3947000 79.360313416 0.0023189769 0.0018588901 5.4731163979 2.0000000000
 1823.8947000 85.629966736 0.0015202446 0.0018302400 2.4339365959 2.0000000000
 1824.3947000 84.774688721 0.0012878922 0.0018448700 1.7164624929 2.0000000000
 1824.8947000 82.017837524 0.0012067013 0.0019015201 1.4098650217 2.0000000000
 1825.3947000 73.132781982 0.0034402360 0.0019998499 10.256098747 2.0000000000
 1825.8947000 62.612174988 0.0062915487 0.0020372700 32.931251526 2.0000000000
 1826.3947000 65.918251038 0.0047792629 0.0019863700 20.090444565 2.0000000000
 1826.8947000 72.914535522 0.0021023713 0.0019158300 4.2095293999 2.0000000000
 1827.3947000 80.223480225 0.0020072532 0.0018439600 4.1739864349 2.0000000000
 1827.8947000 87.615859985 0.0026011872 0.0018437500 7.0113029480 2.0000000000
 1828.3947000 80.731956482 0.0021561082 0.0019346599 4.3332214355 2.0000000000
 1828.8947000 70.037849426 0.0014337266 0.0019740099 1.8330072165 2.0000000000
 1829.3947000 72.832878113 0.0009393512 0.0019237100 0.8328156471 2.0000000000
 1829.8947000 79.228034973 0.0005058288 0.0018971399 0.2489937395 2.0000000000
 1830.3947000 77.112815857 0.0008476895 0.0019245601 0.6775546670 2.0000000000
 1830.8947000 72.726257324 0.0013964928 0.0019437601 1.7991342545 2.0000000000
 1831.3947000 73.263641357 0.0012411617 0.0019381600 1.4302091599 2.0000000000
 1831.8947000 75.115180969 0.0008979039 0.0018766300 0.8035755157 2.0000000000
 1832.3947000 86.804199219 0.0006487445 0.0017508600 0.4886459112 2.0000000000
 1832.8947000 101.11875153 0.0004246990 0.0017308099 0.2147899121 2.0000000000
 1833.3947000 90.476409912 0.0011658506 0.0018618300 1.3785346746 2.0000000000
 1833.8947000 73.173309326 0.0021646046 0.0019604801 4.2418937683 2.0000000000
 1834.3947000 69.535331726 0.0017765121 0.0019777899 2.8024637699 2.0000000000
 1834.8947000 69.544464111 0.0010182833 0.0019584999 0.9408175945 2.0000000000
 1835.3947000 73.190452576 0.0009718823 0.0019145501 0.9009082317 2.0000000000
 1835.8947000 77.807090759 0.0011154616 0.0018938001 1.2155536413 2.0000000000
 1836.3947000 76.795387268 0.0016104231 0.0019090199 2.4894132614 2.0000000000
 1836.8947000 74.281532288 0.0021991651 0.0019383200 4.4893102646 2.0000000000
 1837.3947000 71.007186890 0.0023662928 0.0019758800 4.9826879501 2.0000000000
 1837.8947000 67.529869080 0.0024208953 0.0019849101 5.1632380486 2.0000000000
 1838.3947000 69.723907471 0.0020097157 0.0019556000 3.6766574383 2.0000000000
 1838.8947000 73.431579590 0.0014742233 0.0019312800 2.0336070061 2.0000000000
 1839.3947000 74.681640625 0.0011413032 0.0019234900 1.2297143936 2.0000000000
 1839.8947000 75.275794983 0.0008624479 0.0019148099 0.7092335224 2.0000000000
 1840.3947000 77.218467712 0.0009696527 0.0019006100 0.9113133550 2.0000000000
 1840.8947000 79.521041870 0.0011798933 0.0018643700 1.4077153206 2.0000000000
 1841.3947000 85.275535583 0.0009910569 0.0018016801 1.0707949400 2.0000000000
 1841.8947000 91.951301575 0.0006957103 0.0017780199 0.5432456732 2.0000000000
 1842.3947000 89.227622986 0.0005364203 0.0018108600 0.3102156520 2.0000000000
 1842.8947000 83.995315552 0.0004134426 0.0018757101 0.1705555469 2.0000000000
 1843.3947000 75.165061951 0.0007249563 0.0019660399 0.4728469551 2.0000000000
 1843.8947000 65.374565125 0.0011524319 0.0020000101 1.1506937742 2.0000000000
 1844.3947000 68.386642456 0.0010648717 0.0019558000 1.0320025682 2.0000000000
 1844.8947000 74.815612793 0.0008398533 0.0018928000 0.6898846626 2.0000000000
 1845.3947000 81.950569153 0.0012736218 0.0018268600 1.7152577639 2.0000000000
 1845.8947000 89.273941040 0.0018832143 0.0018272001 3.7486085892 2.0000000000
 1846.3947000 82.172508240 0.0017167669 0.0019122701 2.8184759617 2.0000000000
 1846.8947000 71.221229553 0.0013432020 0.0019776900 1.6022657156 2.0000000000
 1847.3947000 67.590515137 0.0013053963 0.0019956001 1.4836212397 2.0000000000
 1847.8947000 65.913581848 0.0013572020 0.0019902999 1.6131256819 2.0000000000
 1848.3947000 67.995300293 0.0013567030 0.0019682699 1.6518983841 2.0000000000
 1848.8947000 71.080154419 0.0013422442 0.0019318301 1.6847344637 2.0000000000
 1849.3947000 76.798065186 0.0012931445 0.0018815900 1.6570634842 2.0000000000
 1849.8947000 83.218711853 0.0012347995 0.0018995100 1.4797263145 2.0000000000
 1850.3947000 74.198913574 0.0017640088 0.0020074400 2.6741628647 2.0000000000
 1850.8947000 61.058200836 0.0024500308 0.0020602699 4.8720307350 2.0000000000
 1851.3947000 62.863975525 0.0019615071 0.0020192598 3.2640509605 2.0000000000
 1851.8947000 68.658828735 0.0011595085 0.0019673801 1.2077962160 2.0000000000
 1852.3947000 72.978958130 0.0010705872 0.0019267600 1.0780113935 2.0000000000
 1852.8947000 76.905487061 0.0011719798 0.0019110000 1.3154270649 2.0000000000
 1853.3947000 76.535552979 0.0010936034 0.0019237400 1.1287498474 2.0000000000
 1853.8947000 75.018928528 0.0009672485 0.0019215799 0.8851717710 2.0000000000
 1854.3947000 77.378883362 0.0008624066 0.0018929399 0.7273159027 2.0000000000
 1854.8947000 80.773460388 0.0007633060 0.0018858900 0.5744621158 2.0000000000
 1855.3947000 78.215400696 0.0008913277 0.0019132900 0.7588518858 2.0000000000
 1855.8947000 74.068634033 0.0010799660 0.0019328600 1.0893796682 2.0000000000
 1856.3947000 73.765213013 0.0009164745 0.0019333600 0.7840662599 2.0000000000
 1856.8947000 74.487541199 0.0006590026 0.0019290100 0.4074162543 2.0000000000
 1857.3947000 75.009147644 0.0007965968 0.0019236100 0.5989901423 2.0000000000
 1857.8947000 75.477180481 0.0010396303 0.0019675801 0.9707480669 2.0000000000
 1858.3947000 65.106086731 0.0014718429 0.0020743499 1.7321379185 2.0000000000
 1858.8947000 51.842128754 0.0019545457 0.0021050300 2.9574909210 2.0000000000
 1859.3947000 57.845737457 0.0020512091 0.0020225400 3.5566916466 2.0000000000
 1859.8947000 68.991683960 0.0020448421 0.0019621099 3.7785766125 2.0000000000
 1860.3947000 71.159919739 0.0014591289 0.0019598401 1.9288654327 2.0000000000
 1860.8947000 70.932090759 0.0007187935 0.0019602599 0.4678625762 2.0000000000
 1861.3947000 72.332481384 0.0010041918 0.0019485700 0.9252479076 2.0000000000
 1861.8947000 74.167434692 0.0015633486 0.0019621900 2.2084181309 2.0000000000
 1862.3947000 69.519439697 0.0027283896 0.0020111001 6.3717489243 2.0000000000
 1862.8947000 63.141204834 0.0040551350 0.0019891199 14.419709206 2.0000000000
 1863.3947000 73.642974854 0.0030190689 0.0018679100 9.1783142090 2.0000000000
 1863.8947000 88.649864197 0.0013523903 0.0018082800 1.9779694080 2.0000000000
 1864.3947000 86.673576355 0.0013130693 0.0018531200 1.7668001652 2.0000000000
 1864.8947000 80.164634705 0.0017080751 0.0018693900 2.9327435493 2.0000000000
 1865.3947000 83.780853271 0.0012568716 0.0018215700 1.6811286211 2.0000000000
 1865.8947000 90.099372864 0.0005798227 0.0018120600 0.3619184792 2.0000000000
 1866.3947000 84.975967407 0.0005621591 0.0018681701 0.3181283474 2.0000000000
 1866.8947000 76.798812866 0.0007204795 0.0019241599 0.4896804094 2.0000000000
 1867.3947000 71.736648560 0.0015746513 0.0019625099 2.2396631241 2.0000000000
 1867.8947000 67.505836487 0.0026145398 0.0019570901 6.2122182846 2.0000000000
 1868.3947000 72.726943970 0.0022423344 0.0019009199 4.8716979027 2.0000000000
 1868.8947000 80.470680237 0.0014932542 0.0018323500 2.3423345089 2.0000000000
 1869.3947000 88.411407471 0.0011557348 0.0017616400 1.5300253630 2.0000000000
 1869.8947000 96.404708862 0.0009280570 0.0017578400 0.9912763238 2.0000000000
 1870.3947000 89.750099182 0.0011187193 0.0018393800 1.3036621809 2.0000000000
 1870.8947000 79.186096191 0.0014210327 0.0018951100 1.9697558880 2.0000000000
 1871.3947000 77.601013184 0.0017339813 0.0018953601 2.9320206642 2.0000000000
 1871.8947000 78.412322998 0.0020497681 0.0018927901 4.1094536781 2.0000000000
 1872.3947000 77.747436523 0.0016304096 0.0019014500 2.5739889145 2.0000000000
 1872.8947000 76.688568115 0.0010148473 0.0019279000 0.9674209952 2.0000000000
 1873.3947000 72.533599854 0.0009128150 0.0019739000 0.7431051135 2.0000000000
 1873.8947000 67.552314758 0.0009478393 0.0020176799 0.7634743452 2.0000000000
 1874.3947000 63.585395813 0.0017682420 0.0020534501 2.5563378334 2.0000000000
 1874.8947000 59.889202118 0.0027982553 0.0020350900 6.5296621323 2.0000000000
 1875.3947000 66.935173035 0.0021000812 0.0019503001 4.0387687683 2.0000000000
 1875.8947000 76.848136902 0.0009406696 0.0018960600 0.8621834517 2.0000000000
 1876.3947000 77.878959656 0.0008432016 0.0018982600 0.6910036206 2.0000000000
 1876.8947000 76.539222717 0.0010291564 0.0019241400 0.9991761446 2.0000000000
 1877.3947000 73.138320923 0.0025994447 0.0019649700 6.0866470337 2.0000000000
 1877.8947000 69.187309265 0.0045391987 0.0019756199 18.340488434 2.0000000000
 1878.3947000 70.686500549 0.0033585657 0.0019440299 10.403062820 2.0000000000
 1878.8947000 73.640296936 0.0013451296 0.0019751200 1.6114711761 2.0000000000
 1879.3947000 62.412963867 0.0020662448 0.0020969000 3.3334393501 2.0000000000
 1879.8947000 47.400821686 0.0035171870 0.0021887701 8.7892246246 2.0000000000
 1880.3947000 42.886711121 0.0036834497 0.0022185501 9.3574428558 3.0000000000
 1880.8947000 41.174423218 0.0035068435 0.0022189301 8.4784564972 3.0000000000
 1881.3947000 42.866172791 0.0038425357 0.0021986100 10.387470245 2.0000000000
 1881.8947000 45.466426849 0.0043149563 0.0021888900 13.226963043 2.0000000000
 1882.3947000 44.857566833 0.0046807695 0.0021981101 15.421468735 2.0000000000
 1882.8947000 43.392223358 0.0050181309 0.0022156399 17.417497635 3.0000000000
 1883.3947000 41.381282806 0.0041660992 0.0022386699 11.734946251 3.0000000000
 1883.8947000 39.224727631 0.0029966303 0.0022215000 6.1751060486 3.0000000000
 1884.3947000 45.721267700 0.0029161209 0.0021519801 6.2714347839 2.0000000000
 1884.8947000 54.527240753 0.0031262450 0.0020596399 7.9378914833 2.0000000000
 1885.3947000 65.864105225 0.0020755082 0.0019523599 3.9356565475 2.0000000000
 1885.8947000 77.876449585 0.0006882596 0.0018850300 0.4675245285 2.0000000000
 1886.3947000 80.514167786 0.0005646835 0.0018722899 0.3194400072 2.0000000000
 1886.8947000 80.649887085 0.0007783699 0.0018607100 0.6152887344 2.0000000000
 1887.3947000 82.682746887 0.0007580619 0.0018360600 0.6009775400 2.0000000000
 1887.8947000 85.221939087 0.0006753029 0.0018370501 0.4763553143 2.0000000000
 1888.3947000 82.281608582 0.0008026882 0.0018740200 0.6441551447 2.0000000000
 1888.8947000 77.878852844 0.0009861591 0.0018988700 0.9445053935 2.0000000000
 1889.3947000 77.523338318 0.0010246917 0.0018987700 1.0198757648 2.0000000000
 1889.8947000 78.247993469 0.0010245419 0.0018789300 1.0434126854 2.0000000000
 1890.3947000 81.642883301 0.0007752244 0.0018407699 0.6249654293 2.0000000000
 1890.8947000 85.750434875 0.0004594065 0.0018511500 0.2167817354 2.0000000000
 1891.3947000 79.142433167 0.0012529810 0.0019279100 1.4746811390 2.0000000000
 1891.8947000 69.674552917 0.0023426421 0.0019852801 4.8328571320 2.0000000000
 1892.3947000 67.180488586 0.0021688340 0.0020003701 4.0738954544 2.0000000000
 1892.8947000 66.547683716 0.0016578175 0.0019630799 2.4809036255 2.0000000000
 1893.3947000 75.225578308 0.0010452686 0.0018707199 1.0965703726 2.0000000000
 1893.8947000 86.388412476 0.0004056215 0.0018240900 0.1745581925 2.0000000000
 1894.3947000 85.322723389 0.0009657503 0.0018500701 0.9592144489 2.0000000000
 1894.8947000 80.993339539 0.0018460881 0.0018949001 3.3251783848 2.0000000000
 1895.3947000 75.735023499 0.0018194781 0.0019442301 3.0524518490 2.0000000000
 1895.8947000 70.228797913 0.0015508119 0.0019633900 2.1702201366 2.0000000000
 1896.3947000 71.292755127 0.0012685799 0.0019431300 1.4857013226 2.0000000000
 1896.8947000 74.110229492 0.0009827270 0.0019347200 0.9001315236 2.0000000000
 1897.3947000 73.039489746 0.0011703166 0.0019518300 1.2520865202 2.0000000000
 1897.8947000 70.931015015 0.0014842639 0.0019326700 2.0581419468 2.0000000000
 1898.3947000 77.453201294 0.0011723242 0.0018607400 1.3956834078 2.0000000000
 1898.8947000 86.278831482 0.0006933411 0.0018307100 0.5059771538 2.0000000000
 1899.3947000 83.808914185 0.0008156623 0.0018678301 0.6700057983 2.0000000000
 1899.8947000 78.324310303 0.0010984659 0.0019042400 1.1646231413 2.0000000000
 1900.3947000 76.037658691 0.0011568234 0.0019218200 1.2658030987 2.0000000000
 1900.8947000 74.604499817 0.0011552778 0.0018991500 1.2958135605 2.0000000000
 1901.3947000 80.716636658 0.0008269908 0.0018305400 0.7199910283 2.0000000000
 1901.8947000 88.842544556 0.0004114996 0.0017993901 0.1851241589 2.0000000000
 1902.3947000 86.970886230 0.0003840912 0.0018279600 0.1557908803 2.0000000000
 1902.8947000 82.430961609 0.0004602586 0.0018483601 0.2183098942 2.0000000000
 1903.3947000 82.567039490 0.0006589667 0.0018424700 0.4506568909 2.0000000000
 1903.8947000 83.951095581 0.0008903797 0.0018437600 0.8214871883 2.0000000000
 1904.3947000 82.931289673 0.0010053499 0.0018611801 1.0258882046 2.0000000000
 1904.8947000 81.269920349 0.0010892426 0.0018418300 1.2322541475 2.0000000000
 1905.3947000 87.722259521 0.0008644221 0.0017716000 0.8453708887 2.0000000000
 1905.8947000 96.340065002 0.0005572090 0.0017215200 0.3741361797 2.0000000000
 1906.3947000 98.579971313 0.0003937065 0.0017105601 0.1894265711 2.0000000000
 1906.8947000 99.117683411 0.0002685591 0.0017012100 0.0892097130 2.0000000000
 1907.3947000 100.74768066 0.0002729306 0.0016834900 0.0942847133 2.0000000000
 1907.8947000 102.66918945 0.0003118696 0.0016863500 0.1226481646 2.0000000000
 1908.3947000 100.01007843 0.0003268201 0.0017175101 0.1293716580 2.0000000000
 1908.8947000 96.128456116 0.0003353684 0.0016821800 0.1426017433 2.0000000000
 1909.3947000 99.155326843 0.0003228310 0.0015945201 0.1486498713 2.0000000000
 1909.8947000 104.02600861 0.0003046660 0.0015729000 0.1364286095 2.0000000000
 1910.3947000 101.72731018 0.0003451953 0.0016066401 0.1671509743 2.0000000000
 1910.8947000 97.515182495 0.0004013896 0.0016163200 0.2230344564 2.0000000000
 1911.3947000 99.899963379 0.0003558816 0.0015835500 0.1834091991 2.0000000000
 1911.8947000 104.04541016 0.0002832302 0.0015695500 0.1184605882 2.0000000000
 1912.3947000 102.47444153 0.0003491534 0.0015906499 0.1748108715 2.0000000000
 1912.8947000 99.377830505 0.0004520609 0.0015960800 0.2908530235 2.0000000000
 1913.3947000 101.21933746 0.0003920503 0.0015722699 0.2261122167 2.0000000000
 1913.8947000 104.37879181 0.0002885586 0.0015637199 0.1239704862 2.0000000000
 1914.3947000 103.23320770 0.0004453494 0.0015823101 0.2877134681 2.0000000000
 1914.8947000 100.93866730 0.0006716072 0.0016047900 0.6343232989 2.0000000000
 1915.3947000 98.586723328 0.0005988625 0.0016249401 0.4906955361 2.0000000000
 1915.8947000 96.219459534 0.0004463168 0.0016392501 0.2673418522 2.0000000000
 1916.3947000 95.254333496 0.0003740945 0.0016467699 0.1859388500 2.0000000000
 1916.8947000 94.663421631 0.0003233097 0.0016392800 0.1402815878 2.0000000000
 1917.3947000 96.883888245 0.0003950390 0.0016145700 0.2165483236 2.0000000000
 1917.8947000 99.854690552 0.0004994661 0.0015945999 0.3557773530 2.0000000000
 1918.3947000 100.99395752 0.0004257065 0.0015852200 0.2618324757 2.0000000000
 1918.8947000 101.64440918 0.0003043904 0.0015848100 0.1339405626 2.0000000000
 1919.3947000 100.97341919 0.0003954455 0.0015929100 0.2235386372 2.0000000000
 1919.8947000 99.949745178 0.0005431805 0.0016007300 0.4172425270 2.0000000000
 1920.3947000 99.479797363 0.0004164952 0.0016059100 0.2435753495 2.0000000000
 1920.8947000 99.157630920 0.0002165695 0.0015895299 0.0673602372 2.0000000000
 1921.3947000 102.71846771 0.0001623254 0.0015465500 0.0401950032 2.0000000000
 1921.8947000 107.31564331 0.0001469622 0.0015861499 0.0311640725 2.0000000000
 1922.3947000 93.653724670 0.0003653609 0.0017374399 0.1576313823 2.0000000000
 1922.8947000 75.118621826 0.0006461485 0.0018623400 0.4231895804 2.0000000000
 1923.3947000 67.223632813 0.0010193000 0.0019239900 0.9802973866 2.0000000000
 1923.8947000 62.168403625 0.0014171026 0.0019476899 1.8444166183 2.0000000000
 1924.3947000 61.661003113 0.0016031761 0.0019401801 2.3807291985 2.0000000000
 1924.8947000 62.367374420 0.0017327409 0.0019319101 2.8073468208 2.0000000000
 1925.3947000 62.629013062 0.0014738478 0.0019310201 2.0331730843 2.0000000000
 1925.8947000 62.771961212 0.0011112788 0.0019131500 1.1797723770 2.0000000000
 1926.3947000 66.798835754 0.0026108157 0.0018718200 6.8323712349 2.0000000000
 1926.8947000 71.862297058 0.0046073319 0.0018690600 21.346559525 2.0000000000
 1927.3947000 67.529304504 0.0036163493 0.0019214600 12.375186920 2.0000000000
 1927.8947000 60.688499451 0.0018280314 0.0019512300 3.0569524765 2.0000000000
 1928.3947000 61.359970093 0.0012845912 0.0019375900 1.5330408812 2.0000000000
 1928.8947000 64.036392212 0.0010733972 0.0019165800 1.0963813066 2.0000000000
 1929.3947000 65.927947998 0.0014983624 0.0018977900 2.1831712723 2.0000000000
 1929.8947000 67.610023499 0.0020931126 0.0019079400 4.2105884552 2.0000000000
 1930.3947000 63.509311676 0.0019081583 0.0019541599 3.3198356628 2.0000000000
 1930.8947000 57.865226746 0.0015151077 0.0019654101 2.0667598248 2.0000000000
 1931.3947000 61.228565216 0.0012371172 0.0019227199 1.4461270571 2.0000000000
 1931.8947000 66.995903015 0.0009898351 0.0018836400 0.9685685635 2.0000000000
 1932.3947000 69.497650146 0.0010896450 0.0018635399 1.2017798424 2.0000000000
 1932.8947000 71.127845764 0.0012820906 0.0018662099 1.6585338116 2.0000000000
 1933.3947000 68.902229309 0.0014505057 0.0018926800 2.0581123829 2.0000000000
 1933.8947000 65.647537231 0.0016125075 0.0019067600 2.5023739338 2.0000000000
 1934.3947000 66.011451721 0.0019053394 0.0018988099 3.5260252953 2.0000000000
 1934.8947000 67.341133118 0.0022330887 0.0019083900 4.7900967598 2.0000000000
 1935.3947000 63.628166199 0.0031175509 0.0019460500 8.9431047440 2.0000000000
 1935.8947000 58.569362640 0.0041505946 0.0019419501 15.925640106 2.0000000000
 1936.3947000 63.878971100 0.0047663962 0.0018774500 22.621938705 2.0000000000
 1936.8947000 71.955825806 0.0052708392 0.0018242601 29.469221115 2.0000000000
 1937.3947000 75.246726990 0.0037565182 0.0018015200 15.387392044 2.0000000000
 1937.8947000 77.260307312 0.0017034076 0.0018341801 3.0413389206 2.0000000000
 1938.3947000 68.900138855 0.0017796783 0.0019288700 2.9717788696 2.0000000000
 1938.8947000 57.771305084 0.0024242611 0.0019580501 5.3351473808 2.0000000000
 1939.3947000 62.657817841 0.0019069116 0.0018876700 3.5778634548 2.0000000000
 1939.8947000 71.818679810 0.0010794535 0.0018524100 1.1950503588 2.0000000000
 1940.3947000 69.801979065 0.0010970416 0.0018882200 1.1833971739 2.0000000000
 1940.8947000 64.802093506 0.0013401648 0.0018922100 1.7578583956 2.0000000000
 1941.3947000 69.328575134 0.0010748189 0.0018369099 1.2069166899 2.0000000000
 1941.8947000 76.397544861 0.0006737672 0.0018253200 0.4809212685 2.0000000000
 1942.3947000 71.561744690 0.0011583043 0.0018849400 1.3243134022 2.0000000000
 1942.8947000 63.548660278 0.0018791966 0.0019198800 3.3476607800 2.0000000000
 1943.3947000 64.099136353 0.0018544255 0.0019045401 3.3180315495 2.0000000000
 1943.8947000 66.935142517 0.0016306436 0.0018652300 2.6860051155 2.0000000000
 1944.3947000 72.734222412 0.0013887116 0.0018089800 2.0838663578 2.0000000000
 1944.8947000 79.324119568 0.0011419352 0.0018148699 1.3990164995 2.0000000000
 1945.3947000 71.762054443 0.0017906195 0.0019040101 3.0955245495 2.0000000000
 1945.8947000 60.422958374 0.0026782937 0.0019300299 6.7216439247 2.0000000000
 1946.3947000 65.864028931 0.0021884451 0.0018538700 4.9033951759 2.0000000000
 1946.8947000 75.783569336 0.0013309481 0.0018503800 1.8211604357 2.0000000000
 1947.3947000 66.442230225 0.0012555892 0.0019662499 1.4180448055 2.0000000000
 1947.8947000 51.960330963 0.0013889758 0.0020219099 1.6319744587 2.0000000000
 1948.3947000 54.945430756 0.0012071659 0.0019694101 1.3061538935 2.0000000000
 1948.8947000 62.592311859 0.0009412330 0.0019026899 0.8566129208 2.0000000000
 1949.3947000 68.513679504 0.0008421292 0.0018468200 0.7321892977 2.0000000000
 1949.8947000 73.974525452 0.0007875504 0.0018439400 0.6425601840 2.0000000000
 1950.3947000 69.002944946 0.0014189964 0.0019053400 1.9409891367 2.0000000000
 1950.8947000 61.247047424 0.0022335362 0.0019694800 4.4710812569 2.0000000000
 1951.3947000 55.343399048 0.0028210054 0.0020199500 6.7461891174 2.0000000000
 1951.8947000 49.934097290 0.0033478714 0.0020139401 9.5639019012 2.0000000000
 1952.3947000 56.122760773 0.0025069374 0.0019400001 5.8226823807 2.0000000000
 1952.8947000 65.406814575 0.0013009495 0.0018999900 1.6416023970 2.0000000000
 1953.3947000 65.157608032 0.0011257262 0.0019211001 1.1996526718 2.0000000000
 1953.8947000 62.364051819 0.0012256042 0.0019270000 1.4124097824 2.0000000000
 1954.3947000 64.787818909 0.0011972062 0.0018973100 1.3945486546 2.0000000000
 1954.8947000 68.604049683 0.0011345724 0.0018665800 1.2982606888 2.0000000000
 1955.3947000 70.743377686 0.0010577950 0.0018440500 1.1590524912 2.0000000000
 1955.8947000 72.435157776 0.0009772431 0.0018640700 0.9660249352 2.0000000000
 1956.3947000 65.972297668 0.0022232705 0.0019358300 4.6012597084 2.0000000000
 1956.8947000 57.333038330 0.0038233500 0.0019561099 13.299121857 2.0000000000
 1957.3947000 62.180706024 0.0031972404 0.0018973500 9.9454908371 2.0000000000
 1957.8947000 70.627914429 0.0019769820 0.0018543500 3.9992971420 2.0000000000
 1958.3947000 71.722229004 0.0017067423 0.0018523900 2.9876146317 2.0000000000
 1958.8947000 70.854133606 0.0016900541 0.0018654200 2.8846466541 2.0000000000
 1959.3947000 68.980186462 0.0016217020 0.0018864600 2.5912981033 2.0000000000
 1959.8947000 66.837783813 0.0015395612 0.0019130500 2.2646236420 2.0000000000
 1960.3947000 63.931568146 0.0049024057 0.0019445200 22.152929306 2.0000000000
 1960.8947000 60.821498871 0.0091846846 0.0019440199 77.801315308 3.0000000000
 1961.3947000 64.468742371 0.0067805499 0.0019017000 44.505878448 2.0000000000
 1961.8947000 69.919448853 0.0025918731 0.0018797000 6.6716408730 2.0000000000
 1962.3947000 69.177772522 0.0014089519 0.0018946099 1.9375315905 2.0000000000
 1962.8947000 66.783401489 0.0010282396 0.0019236800 0.9979217052 2.0000000000
 1963.3947000 62.622093201 0.0016388120 0.0019608398 2.4304440022 2.0000000000
 1963.8947000 57.989204407 0.0025139493 0.0019734800 5.6389861107 2.0000000000
 1964.3947000 59.012489319 0.0025548574 0.0019528801 5.9600110054 2.0000000000
 1964.8947000 61.545356750 0.0023731177 0.0019145100 5.3716998100 2.0000000000
 1965.3947000 66.939903259 0.0018352407 0.0018625000 3.4132986069 2.0000000000
 1965.8947000 73.098213196 0.0012023145 0.0018239600 1.5339192152 2.0000000000
 1966.3947000 75.653594971 0.0008928287 0.0018061500 0.8643266559 2.0000000000
 1966.8947000 77.247375488 0.0006696662 0.0018220299 0.4769738615 2.0000000000
 1967.3947000 72.685752869 0.0016808419 0.0018750700 2.8210790157 2.0000000000
 1967.8947000 66.481307983 0.0030214512 0.0019449900 8.4103279114 2.0000000000
 1968.3947000 58.188377380 0.0032739094 0.0020263700 9.0230226517 2.0000000000
 1968.8947000 49.338058472 0.0032359504 0.0020406700 8.6796770096 2.0000000000
 1969.3947000 54.793766022 0.0028083501 0.0019669300 7.0887050629 2.0000000000
 1969.8947000 64.067619324 0.0022767589 0.0019173101 4.9284563065 2.0000000000
 1970.3947000 64.338348389 0.0019993410 0.0019217400 3.7813382149 2.0000000000
 1970.8947000 62.206230164 0.0017897598 0.0019110200 3.0676512718 2.0000000000
 1971.3947000 66.201622009 0.0019084137 0.0018666700 3.6727931499 2.0000000000
 1971.8947000 71.832397461 0.0021146710 0.0018331499 4.6929945946 2.0000000000
 1972.3947000 74.125679016 0.0017366896 0.0018223099 3.2068266869 2.0000000000
 1972.8947000 75.528213501 0.0012027798 0.0018152600 1.5513393879 2.0000000000
 1973.3947000 76.338310242 0.0009880872 0.0018069600 1.0575568676 2.0000000000
 1973.8947000 76.990295410 0.0008585906 0.0018257700 0.7805323005 2.0000000000
 1974.3947000 71.708259583 0.0009485633 0.0018792399 0.8940705061 2.0000000000
 1974.8947000 64.842475891 0.0010971106 0.0019215000 1.1389167309 2.0000000000
 1975.3947000 62.240451813 0.0010554248 0.0019402801 1.0316985846 2.0000000000
 1975.8947000 60.776382446 0.0009629672 0.0019736101 0.8272714019 2.0000000000
 1976.3947000 55.317199707 0.0021077904 0.0020316101 3.7188277245 2.0000000000
 1976.8947000 48.791751862 0.0035828326 0.0020436300 10.606401443 2.0000000000
 1977.3947000 53.236320496 0.0052859774 0.0019908200 24.455705643 2.0000000000
 1977.8947000 60.608684540 0.0070500011 0.0019374600 46.181316376 2.0000000000
 1978.3947000 64.902427673 0.0056492109 0.0019007000 30.928987503 2.0000000000
 1978.8947000 68.374519348 0.0034037624 0.0018770400 11.541883469 2.0000000000
 1979.3947000 69.464790344 0.0020226203 0.0018655300 4.1310815811 2.0000000000
 1979.8947000 69.919372559 0.0008721540 0.0018786000 0.7563987970 2.0000000000
 1980.3947000 66.281539917 0.0008639071 0.0019195600 0.7077670693 2.0000000000
 1980.8947000 61.551483154 0.0011605081 0.0019325400 1.2583855391 2.0000000000
 1981.3947000 63.430316925 0.0011881184 0.0019026400 1.3650069237 2.0000000000
 1981.8947000 67.073005676 0.0011439376 0.0018891799 1.2852965593 2.0000000000
 1982.3947000 65.824592590 0.0012023814 0.0019080000 1.3893514872 2.0000000000
 1982.8947000 63.270774841 0.0012882149 0.0019342600 1.5475474596 2.0000000000
 1983.3947000 60.774620056 0.0013319174 0.0019613102 1.6045480967 2.0000000000
 1983.8947000 58.293849945 0.0013643755 0.0019781201 1.6523877382 2.0000000000
 1984.3947000 57.677230835 0.0032293547 0.0019817499 9.2198543549 2.0000000000
 1984.8947000 57.558139801 0.0055834176 0.0019624799 28.159746170 2.0000000000
 1985.3947000 61.459903717 0.0042927475 0.0019177300 17.512102127 2.0000000000
 1985.8947000 66.434799194 0.0020293319 0.0018738800 4.1178851128 2.0000000000
 1986.3947000 70.260238647 0.0015721191 0.0018380099 2.5787284374 2.0000000000
 1986.8947000 73.778884888 0.0015969655 0.0018340599 2.6735067368 2.0000000000
 1987.3947000 70.987464905 0.0017018856 0.0018684199 2.9148542881 2.0000000000
 1987.8947000 66.511940002 0.0018281771 0.0019018101 3.2349593639 2.0000000000
 1988.3947000 63.970138550 0.0023145350 0.0019237299 5.0560398102 2.0000000000
 1988.8947000 61.944435120 0.0028969916 0.0019394000 7.7808351517 2.0000000000
 1989.3947000 61.163997650 0.0024409536 0.0019502001 5.4568862915 2.0000000000
 1989.8947000 60.715911865 0.0017077511 0.0019546798 2.6575579643 2.0000000000
 1990.3947000 61.014324188 0.0017383685 0.0019524500 2.7606277466 2.0000000000
 1990.8947000 61.511978149 0.0019728423 0.0019242800 3.6710860729 2.0000000000
 1991.3947000 67.690574646 0.0026363754 0.0018650199 7.0228090286 2.0000000000
 1991.8947000 75.385360718 0.0034144209 0.0017338300 13.829923630 2.0000000000
 1992.3947000 96.752815247 0.0022001099 0.0016185699 6.6803545952 2.0000000000
 1992.8947000 121.76938629 0.0004540571 0.0014185600 0.3803259432 1.0000000000
 1993.3947000 124.41591644 0.0000959474 0.0012976199 0.0206605513 1.0000000000
 1993.8947000 121.09208679 0.0001082670 0.0013515400 0.0240529515 1.0000000000
 1994.3947000 123.28698730 0.0001233424 0.0012698001 0.0358102024 1.0000000000
 1994.8947000 126.95478821 0.0001391533 0.0013268299 0.0413802750 1.0000000000
 1995.3947000 128.73664856 0.0001461818 0.0015054799 0.0345861092 2.0000000000
 1995.8947000 130.01516724 0.0001508664 0.0014856200 0.0379304439 1.0000000000
 1996.3947000 127.66567230 0.0001442690 0.0013554400 0.0424394310 1.0000000000
 1996.8947000 124.34786987 0.0001346606 0.0013388101 0.0379926227 1.0000000000
 1997.3947000 121.65112305 0.0001959617 0.0014102299 0.0717636347 1.0000000000
 1997.8947000 119.12011719 0.0002761879 0.0014281000 0.1386565268 1.0000000000
 1998.3947000 120.75861359 0.0002338886 0.0014346400 0.0984427482 1.0000000000
 1998.8947000 123.50988770 0.0001588884 0.0012478100 0.0617529638 1.0000000000
 1999.3947000 127.65441132 0.0001289069 0.0011688900 0.0469299741 1.0000000000
 1999.8947000 132.17076111 0.0001109405 0.0013657900 0.0246794578 1.0000000000
 2000.3947000 128.38581848 0.0001571446 0.0014311500 0.0446777828 1.0000000000
 2000.8947000 122.38536072 0.0002204752 0.0014239199 0.0889306217 1.0000000000
 2001.3947000 123.16639709 0.0001700537 0.0016382501 0.0388629511 2.0000000000
 2001.8947000 125.75737762 0.0000892728 0.0016888400 0.0100171352 2.0000000000
 2002.3947000 122.62709045 0.0001571248 0.0014874600 0.0410307869 1.0000000000
 2002.8947000 117.96984863 0.0002646456 0.0014472001 0.1236421466 1.0000000000
 2003.3947000 118.03192902 0.0002212750 0.0014394100 0.0874698833 1.0000000000
 2003.8947000 119.35355377 0.0001376327 0.0013552600 0.0386361331 1.0000000000
 2004.3947000 122.23867035 0.0000904083 0.0013305200 0.0173607841 1.0000000000
 2004.8947000 125.54106903 0.0000529034 0.0013943601 0.0053621987 1.0000000000
 2005.3947000 123.17048645 0.0001080441 0.0014181701 0.0215476435 1.0000000000
 2005.8947000 119.28585052 0.0001879110 0.0016117300 0.0491882563 2.0000000000
 2006.3947000 121.33676147 0.0001560636 0.0017125701 0.0296877269 2.0000000000
 2006.8947000 124.97183228 0.0000944007 0.0015417901 0.0136865834 2.0000000000
 2007.3947000 120.48371124 0.0000972031 0.0014610399 0.0163344219 1.0000000000
 2007.8947000 113.82758331 0.0001172107 0.0014566501 0.0239085332 1.0000000000
 2008.3947000 116.81553650 0.0001115700 0.0014291500 0.0225904044 1.0000000000
 2008.8947000 122.37741852 0.0000990841 0.0012932500 0.0221976247 1.0000000000
 2009.3947000 124.67275238 0.0001233375 0.0011967500 0.0407927223 1.0000000000
 2009.8947000 126.09626007 0.0001573963 0.0012015800 0.0658465326 1.0000000000
 2010.3947000 127.29685211 0.0001197944 0.0012298900 0.0362382457 1.0000000000
 2010.8947000 128.43797302 0.0000630670 0.0012813701 0.0091774063 1.0000000000
 2011.3947000 132.97111511 0.0000415332 0.0011464100 0.0050844252 1.0000000000
 2011.8947000 138.40956116 0.0000293922 0.0010721299 0.0029506607 1.0000000000
 2012.3947000 134.22589111 0.0000718350 0.0012960801 0.0116113275 1.0000000000
 2012.8947000 127.47416687 0.0001288457 0.0015292200 0.0259600729 2.0000000000
 2013.3947000 124.50634766 0.0001631142 0.0015265000 0.0417686738 2.0000000000
 2013.8947000 122.54842377 0.0001913131 0.0013948401 0.0700705796 1.0000000000
 2014.3947000 122.86759949 0.0001781487 0.0013589500 0.0643454343 1.0000000000
 2014.8947000 123.79451752 0.0001539449 0.0013948301 0.0453715734 1.0000000000
 2015.3947000 121.70606232 0.0001087372 0.0014224299 0.0216814373 1.0000000000
 2015.8947000 118.81281281 0.0000579236 0.0014233600 0.0061435485 1.0000000000
 2016.3947000 121.25594330 0.0001402964 0.0012791300 0.0455911607 1.0000000000
 2016.8947000 125.12329102 0.0002582153 0.0010520599 0.2373968065 1.0000000000
 2017.3947000 126.38912964 0.0001911252 0.0011632500 0.1042690203 1.0000000000
 2017.8947000 126.96063995 0.0000746580 0.0012152200 0.0144514488 1.0000000000
 2018.3947000 132.10325623 0.0000505530 0.0010197300 0.0097459843 1.0000000000
 2018.8947000 138.46586609 0.0000510986 0.0010975800 0.0084695173 1.0000000000
 2019.3947000 135.25120544 0.0000713508 0.0011825101 0.0140161002 1.0000000000
 2019.8947000 129.48045349 0.0000968625 0.0012330699 0.0235580038 1.0000000000
 2020.3947000 128.57505798 0.0001116656 0.0013557599 0.0254118890 1.0000000000
 2020.8947000 128.96820068 0.0001236107 0.0012418299 0.0377725065 1.0000000000
 2021.3947000 126.84565735 0.0001190202 0.0014035000 0.0267530736 1.0000000000
 2021.8947000 124.05171204 0.0001100163 0.0015857101 0.0174751934 2.0000000000
 2022.3947000 127.61636353 0.0000991168 0.0012386501 0.0244234689 1.0000000000
 2022.8947000 132.87806702 0.0000877113 0.0011516400 0.0224498808 1.0000000000
 2023.3947000 128.90251160 0.0000937188 0.0013408699 0.0183401480 1.0000000000
 2023.8947000 122.46160889 0.0001043737 0.0012982200 0.0244239531 1.0000000000
 2024.3947000 122.44654083 0.0001276275 0.0008468601 0.0934765786 1.0000000000
 2024.8947000 124.14646149 0.0001542438 0.0006109600 0.2800189257 0.0000000000
 2025.3947000 123.44336700 0.0001339180 0.0006497100 0.1843719631 0.0000000000
 2025.8947000 122.09893799 0.0001010638 0.0005986500 0.1257218421 0.0000000000
 2026.3947000 123.03105164 0.0000840122 0.0007050000 0.0606273897 0.0000000000
 2026.8947000 124.57073975 0.0000711782 0.0006846000 0.0464230105 0.0000000000
 2027.3947000 121.90844727 0.0000848215 0.0005612800 0.1020508260 0.0000000000
 2027.8947000 118.12468719 0.0001055312 0.0005416600 0.1708295941 0.0000000000
 2028.3947000 118.06546021 0.0001809167 0.0005366600 0.5124114752 0.0000000000
 2028.8947000 119.00028229 0.0002708945 0.0005323000 1.1696509123 0.0000000000
 2029.3947000 119.23297882 0.0002533785 0.0005345300 1.0139135122 0.0000000000
 2029.8947000 119.27828217 0.0002071734 0.0005279500 0.6965682507 0.0000000000
 2030.3947000 121.10265350 0.0001440312 0.0006287800 0.2292007357 0.0000000000
 2030.8947000 123.40184784 0.0000763687 0.0006611701 0.0576954819 0.0000000000
 2031.3947000 126.57720184 0.0000954011 0.0004021800 0.2687708735 0.0000000000
 2031.8947000 129.98638916 0.0001375717 0.0004150600 0.5214516521 0.0000000000
 2032.3947000 125.13941193 0.0001047207 0.0006038000 0.1324648261 0.0000000000
 2032.8947000 118.08892059 0.0000518473 0.0005602800 0.0382789969 0.0000000000
 2033.3947000 120.82272339 0.0001050632 0.0003228000 0.5287460685 0.0000000000
 2033.8947000 126.16784668 0.0001865933 0.0002547900 2.8066670895 0.0000000000
 2034.3947000 128.64620972 0.0001400402 0.0003645100 0.7190262675 0.0000000000
 2034.8947000 130.35945129 0.0000593029 0.0003693500 0.1252527833 0.0000000000
 2035.3947000 130.24662781 0.0000661112 0.0004022000 0.1290556490 0.0000000000
 2035.8947000 129.64646912 0.0000962846 0.0004467700 0.2172345221 0.0000000000
 2036.3947000 123.25022888 0.0001298696 0.0005265600 0.2753150761 0.0000000000
 2036.8947000 115.30706787 0.0001643652 0.0005746200 0.3639002442 0.0000000000
 2037.3947000 113.87178040 0.0002714944 0.0005813000 0.9679238200 0.0000000000
 2037.8947000 114.17337036 0.0003980090 0.0005614000 2.2458803654 0.0000000000
 2038.3947000 118.37225342 0.0003994206 0.0003410800 6.7698216438 0.0000000000
 2038.8947000 123.61128998 0.0003674435 0.0004864000 2.6241905689 0.0000000000
 2039.3947000 127.19915009 0.0002417624 0.0006038200 0.7059613466 0.0000000000
 2039.8947000 130.34631348 0.0000910724 0.0005662700 0.1153777763 0.0000000000
 2040.3947000 125.89726257 0.0001478556 0.0006879700 0.1981629282 0.0000000000
 2040.8947000 119.42083740 0.0002600113 0.0005674400 0.9361825585 0.0000000000
 2041.3947000 120.59941864 0.0001979808 0.0004513600 0.8980396390 0.0000000000
 2041.8947000 123.82106018 0.0000894617 0.0004418000 0.1922108084 0.0000000000
 2042.3947000 120.18392944 0.0001410877 0.0005392200 0.3083849251 0.0000000000
 2042.8947000 114.71626282 0.0002354550 0.0005656600 0.7730252147 0.0000000000
 2043.3947000 117.74162292 0.0001861834 0.0004595200 0.7635053396 0.0000000000
 2043.8947000 123.03369141 0.0000985759 0.0004315700 0.2457132339 0.0000000000
 2044.3947000 123.06192780 0.0001018561 0.0005057700 0.1850448698 0.0000000000
 2044.8947000 121.68531799 0.0001293933 0.0005224300 0.2780750096 0.0000000000
 2045.3947000 119.73924255 0.0001541621 0.0005387500 0.3688956499 0.0000000000
 2045.8947000 117.64118195 0.0001781921 0.0005482400 0.4742870033 0.0000000000
 2046.3947000 118.04090118 0.0001918636 0.0005422300 0.5633540154 0.0000000000
 2046.8947000 119.10726166 0.0002027706 0.0005576800 0.5915107727 0.0000000000
 2047.3947000 122.31098938 0.0001418663 0.0006587100 0.2007387429 0.0000000000
 2047.8947000 126.08515930 0.0000617963 0.0004618900 0.0831649601 0.0000000000
 2048.3947000 123.78568268 0.0000693429 0.0003062500 0.2586046457 0.0000000000
 2048.8947000 119.86519623 0.0001002735 0.0004733900 0.2074390948 0.0000000000
 2049.3947000 120.78874969 0.0001877726 0.0004570200 0.7859718204 0.0000000000
 2049.8947000 123.00511932 0.0002903692 0.0005849100 1.0922076702 0.0000000000
 2050.3947000 122.97657013 0.0002572803 0.0006775300 0.6205406189 0.0000000000
 2050.8947000 122.34886169 0.0001879781 0.0005468900 0.5306821465 0.0000000000
 2051.3947000 120.95404053 0.0001407792 0.0005210800 0.3310453594 0.0000000000
 2051.8947000 119.35449219 0.0000994795 0.0005344400 0.1563470364 0.0000000000
 2052.3947000 118.16204834 0.0001241383 0.0005440700 0.2340835631 0.0000000000
 2052.8947000 117.07826996 0.0001664008 0.0005327100 0.4405862093 0.0000000000
 2053.3947000 120.43766785 0.0001440328 0.0003274300 0.9630790949 0.0000000000
 2053.8947000 124.98291016 0.0001044155 0.0004600300 0.2395522743 0.0000000000
 2054.3947000 125.33509064 0.0001163488 0.0006846100 0.1240363345 0.0000000000
 2054.8947000 124.56816101 0.0001420405 0.0005449400 0.3053919077 0.0000000000
 2055.3947000 122.07782745 0.0001510591 0.0005163500 0.3888810277 0.0000000000
 2055.8947000 119.12754822 0.0001556278 0.0005239000 0.3997863829 0.0000000000
 2056.3947000 120.45757294 0.0001947875 0.0005596500 0.5416341424 0.0000000000
 2056.8947000 122.92996979 0.0002431793 0.0005736000 0.7996742129 0.0000000000
 2057.3947000 120.72863770 0.0002488119 0.0005486600 0.9231557250 0.0000000000
 2057.8947000 117.27995300 0.0002430325 0.0005455900 0.8917076588 0.0000000000
 2058.3947000 118.34700775 0.0002636190 0.0005275800 1.1295851469 0.0000000000
 2058.8947000 120.61930084 0.0002912424 0.0005101300 1.4846056700 0.0000000000
 2059.3947000 121.71885681 0.0002722972 0.0005434800 1.1289702654 0.0000000000
 2059.8947000 122.50540924 0.0002409233 0.0006057800 0.6960891485 0.0000000000
 2060.3947000 123.87256622 0.0001770802 0.0008167000 0.1948958337 1.0000000000
 2060.8947000 125.39467621 0.0001045714 0.0006791900 0.1019635871 0.0000000000
 2061.3947000 127.29736328 0.0000851328 0.0003344200 0.3211815953 0.0000000000
 2061.8947000 129.30158997 0.0000798581 0.0003585500 0.2424534857 0.0000000000
 2062.3947000 130.34056091 0.0001128872 0.0003546200 0.4963754714 0.0000000000
 2062.8947000 131.12188721 0.0001561392 0.0002276600 2.5176377296 0.0000000000
 2063.3947000 126.19406891 0.0001950463 0.0003009700 2.1258091927 0.0000000000
 2063.8947000 119.74253845 0.0002327937 0.0005392500 0.8394683003 0.0000000000
 2064.3947000 122.09947205 0.0002005111 0.0006429900 0.4228900373 0.0000000000
 2064.8947000 126.80728912 0.0001495380 0.0006289801 0.2468890548 0.0000000000
 2065.3947000 130.24575806 0.0001403074 0.0005596700 0.2810027301 0.0000000000
 2065.8947000 133.34544373 0.0001422174 0.0005358300 0.3177211881 0.0000000000
 2066.3947000 129.43908691 0.0001465817 0.0005321600 0.3426623642 0.0000000000
 2066.8947000 123.66287231 0.0001516009 0.0005236400 0.3797795177 0.0000000000
 2067.3947000 119.08432007 0.0001367575 0.0005515200 0.2757193744 0.0000000000
 2067.8947000 114.82540894 0.0001166128 0.0005672300 0.1884613186 0.0000000000
 2068.3947000 115.51609039 0.0001482709 0.0005546200 0.3201265037 0.0000000000
 2068.8947000 117.52777100 0.0001937546 0.0005332700 0.5959645510 0.0000000000
 2069.3947000 120.00256348 0.0001793864 0.0005872000 0.4132851362 0.0000000000
 2069.8947000 122.60096741 0.0001490442 0.0005648600 0.3107138276 0.0000000000
 2070.3947000 122.37606049 0.0001320450 0.0004834600 0.3434399664 0.0000000000
 2070.8947000 121.39763641 0.0001186069 0.0005030200 0.2539407611 0.0000000000
 2071.3947000 120.69998932 0.0001036824 0.0005196200 0.1806763262 0.0000000000
 2071.8947000 120.07727814 0.0000883612 0.0004112100 0.2195750922 0.0000000000
 2072.3947000 121.98854828 0.0000760898 0.0002938100 0.3411193490 0.0000000000
 2072.8947000 124.57611084 0.0000646324 0.0003705100 0.1477543712 0.0000000000
 2073.3947000 122.82987213 0.0001454077 0.0004798500 0.4233919084 0.0000000000
 2073.8947000 119.92697906 0.0002507991 0.0006518500 0.6419879794 0.0000000000
 2074.3947000 88.623214722 0.0009324880 0.0009765200 3.6474385262 1.0000000000
 2074.8947000 49.739509583 0.0017679855 0.0011887100 8.5072736740 1.0000000000
 2075.3947000 42.510898590 0.0023548105 0.0012128400 14.439235687 1.0000000000
 2075.8947000 43.730735779 0.0028752671 0.0011892300 22.478715897 1.0000000000
 2076.3947000 46.952075958 0.0028061904 0.0011553201 22.818609238 1.0000000000
 2076.8947000 50.707599640 0.0025797731 0.0011525900 19.385559082 1.0000000000
 2077.3947000 47.445457458 0.0023191641 0.0011921100 14.546785355 1.0000000000
 2077.8947000 42.310363770 0.0020494305 0.0012186200 10.823211670 1.0000000000
 2078.3947000 41.906402588 0.0022828148 0.0012173600 13.459207535 1.0000000000
 2078.8947000 42.765140533 0.0026504775 0.0011945501 18.914665222 1.0000000000
 2079.3947000 46.616516113 0.0020952870 0.0011518700 12.805583954 1.0000000000
 2079.8947000 51.266601563 0.0012937954 0.0011453100 4.9442510605 1.0000000000
 2080.3947000 47.442764282 0.0016193006 0.0011898200 7.1219048500 1.0000000000
 2080.8947000 41.357315063 0.0022455903 0.0012162500 13.050007820 1.0000000000
 2081.3947000 41.688156128 0.0026033130 0.0012061499 17.863637924 1.0000000000
 2081.8947000 43.731452942 0.0028893573 0.0011976700 22.349134445 1.0000000000
 2082.3947000 43.805793762 0.0028381324 0.0012010201 21.431606293 1.0000000000
 2082.8947000 43.354637146 0.0026968929  -999.250000  -999.250000  -999.250000
 2083.3947000  -999.250000  -999.250000  -999.250000  -999.250000  -999.250000
 2083.8947000  -999.250000  -999.250000  -999.250000  -999.250000  -999.250000
 2084.3947000  -999.250000  -999.250000  -999.250000  -999.250000  -999.250000
