# LAS format log file from PETREL
# Project units are specified as depth units
#==================================================================
~Version information
VERS.   2.0:
WRAP.   NO:
#==================================================================
~Well
STRT .m      1805.4539000 :
STOP .m      2155.4539000 :
STEP .m     0.50000000 :
NULL .        -999.250000 :
COMP.           : COMPANY
WELL.  A16   : WELL
FLD.            : FIELD
LOC.            : LOCATION
SRVC.           : SERVICE COMPANY
DATE.  2024-10-09 18:28:48   : Log Export Date {yyyy-MM-dd HH:mm:ss}
PROV.           : PROVINCE
UWI.      : UNIQUE WELL ID
API.            : API NUMBER
#==================================================================
~Curve
DEPT .m                   : DEPTH
Gamma .gAPI               : Gamma
Perm .mD                  : Perm
Porosity .m3/m3           : Porosity
Resistivity .ohm.m        : Resistivity
LITH ._                   : LITH
~Parameter
#==================================================================
~Ascii
 1805.4539000  -999.250000  -999.250000  -999.250000  -999.250000  -999.250000
 1805.9539000  -999.250000  -999.250000  -999.250000  -999.250000  -999.250000
 1806.4539000 77.788833618 0.0007552427 0.0022795699 0.3705925047 3.0000000000
 1806.9539000 76.094276428 0.0009742500 0.0022816600 0.6154443622 3.0000000000
 1807.4539000 77.303817749 0.0008680640 0.0022699700 0.4941504896 3.0000000000
 1807.9539000 78.808639526 0.0007288136 0.0023371698 0.3266738057 3.0000000000
 1808.4539000 75.472938538 0.0006609614 0.0024927100 0.2331708670 3.0000000000
 1808.9539000 71.645065308 0.0006003687 0.0025450999 0.1837745458 3.0000000000
 1809.4539000 71.959747314 0.0006770283 0.0024749001 0.2485345155 3.0000000000
 1809.9539000 72.695617676 0.0007676432 0.0024085399 0.3392035067 3.0000000000
 1810.4539000 70.800964355 0.0008524038 0.0023588801 0.4378626049 3.0000000000
 1810.9539000 68.638847351 0.0009365693 0.0022627600 0.5792621970 3.0000000000
 1811.4539000 68.081169128 0.0010132722 0.0021137700 0.7876354456 2.0000000000
 1811.9539000 67.686622620 0.0010892164 0.0021877000 0.8438306451 2.0000000000
 1812.4539000 64.478836060 0.0012142886 0.0025125798 0.7733572721 3.0000000000
 1812.9539000 60.985012054 0.0013443558 0.0026295998 0.8575731516 3.0000000000
 1813.4539000 63.754207611 0.0013775768 0.0024921100 1.0134067535 3.0000000000
 1813.9539000 67.160202026 0.0014009511 0.0024115900 1.1266222000 3.0000000000
 1814.4539000 60.678413391 0.0014745210 0.0024196999 1.2388725281 3.0000000000
 1814.9539000 53.191276550 0.0015531947 0.0023889900 1.4137749672 3.0000000000
 1815.4539000 64.896171570 0.0010853491 0.0023065100 0.7458254099 3.0000000000
 1815.9539000 78.552436829 0.0005619352 0.0022137200 0.2188278735 3.0000000000
 1816.4539000 72.519203186 0.0011817812 0.0021148401 1.0701966286 2.0000000000
 1816.9539000 64.484024048 0.0019178689 0.0021137800 2.8216702938 2.0000000000
 1817.4539000 69.153213501 0.0015477737 0.0022210900 1.6480462551 3.0000000000
 1817.9539000 75.114128113 0.0010652065 0.0023464400 0.6917781234 3.0000000000
 1818.4539000 72.724853516 0.0010281166 0.0024806201 0.5702327490 3.0000000000
 1818.9539000 69.486564636 0.0010363210 0.0024839700 0.5776525140 3.0000000000
 1819.4539000 74.241027832 0.0008852172 0.0023422900 0.4796121418 3.0000000000
 1819.9539000 79.808166504 0.0007179157 0.0022975102 0.3291398585 3.0000000000
 1820.4539000 72.834724426 0.0008037702 0.0023742400 0.3838041425 3.0000000000
 1820.9539000 64.586204529 0.0009153647 0.0023406700 0.5136175752 3.0000000000
 1821.4539000 66.450271606 0.0009128834 0.0021732200 0.6014541388 2.0000000000
 1821.9539000 69.342544556 0.0008988032 0.0021079499 0.6235002279 2.0000000000
 1822.4539000 71.249023438 0.0009069249 0.0021688798 0.5962447524 2.0000000000
 1822.9539000 73.055282593 0.0009173040 0.0022262200 0.5759393573 3.0000000000
 1823.4539000 74.367401123 0.0007698328 0.0022667800 0.3898451626 3.0000000000
 1823.9539000 75.629272461 0.0006063121 0.0022250500 0.2519097030 3.0000000000
 1824.4539000 75.075561523 0.0006219679 0.0020943701 0.3028436005 2.0000000000
 1824.9539000 74.337249756 0.0006558416 0.0021832199 0.3073148131 2.0000000000
 1825.4539000 68.536590576 0.0012532083 0.0025229701 0.8162813783 3.0000000000
 1825.9539000 62.221214294 0.0019078687 0.0025960999 1.7766009569 3.0000000000
 1826.4539000 73.470794678 0.0012790861 0.0023500000 0.9941462278 3.0000000000
 1826.9539000 86.506317139 0.0005198083 0.0022128799 0.1874040961 3.0000000000
 1827.4539000 84.602935791 0.0006306870 0.0022283001 0.2716975510 3.0000000000
 1827.9539000 81.180625916 0.0008300397 0.0022522202 0.4596781433 3.0000000000
 1828.4539000 79.050857544 0.0010145926 0.0022700001 0.6750352979 3.0000000000
 1828.9539000 77.052513123 0.0011976406 0.0022774399 0.9338341355 3.0000000000
 1829.4539000 77.324569702 0.0008831008 0.0022741100 0.5093723536 3.0000000000
 1829.9539000 77.827468872 0.0005179683 0.0022689900 0.1761061847 3.0000000000
 1830.4539000 78.511253357 0.0004258467 0.0022630200 0.1197269931 3.0000000000
 1830.9539000 79.213424683 0.0003614837 0.0022286898 0.0892212614 3.0000000000
 1831.4539000 86.478309631 0.0003191372 0.0021632100 0.0742570460 2.0000000000
 1831.9539000 94.410461426 0.0002790290 0.0021298600 0.0587389804 2.0000000000
 1832.4539000 94.218490601 0.0002253615 0.0021350801 0.0381108075 2.0000000000
 1832.9539000 93.200485229 0.0001703152 0.0021266900 0.0219562314 2.0000000000
 1833.4539000 96.163192749 0.0001771470 0.0020994199 0.0244370550 2.0000000000
 1833.9539000 99.530647278 0.0001902702 0.0020982099 0.0282275844 2.0000000000
 1834.4539000 96.444465637 0.0002634359 0.0021276299 0.0524781309 2.0000000000
 1834.9539000 92.702095032 0.0003427064 0.0021452899 0.0872117952 2.0000000000
 1835.4539000 92.345405579 0.0002990018 0.0021468801 0.0662781671 2.0000000000
 1835.9539000 92.332962036 0.0002427936 0.0021497800 0.0435719937 2.0000000000
 1836.4539000 91.672775269 0.0003264465 0.0021557501 0.0782902166 2.0000000000
 1836.9539000 90.946739197 0.0004243199 0.0021520900 0.1327681690 2.0000000000
 1837.4539000 92.522590637 0.0003634223 0.0021375001 0.0988620371 2.0000000000
 1837.9539000 94.332489014 0.0002863815 0.0021240599 0.0622476526 2.0000000000
 1838.4539000 95.643218994 0.0003170913 0.0021129800 0.0771967098 2.0000000000
 1838.9539000 96.903198242 0.0003587567 0.0021074801 0.0993848890 2.0000000000
 1839.4539000 96.919143677 0.0003062474 0.0021078899 0.0723901466 2.0000000000
 1839.9539000 96.808601379 0.0002441628 0.0020890599 0.0469317921 2.0000000000
 1840.4539000 101.28977203 0.0002418758 0.0020484300 0.0480903797 2.0000000000
 1840.9539000 106.23779297 0.0002456686 0.0020379799 0.0501717962 2.0000000000
 1841.4539000 103.71405029 0.0002616379 0.0020630001 0.0553991348 2.0000000000
 1841.9539000 100.43061066 0.0002788452 0.0020993201 0.0605554581 2.0000000000
 1842.4539000 95.284004211 0.0002369717 0.0021444999 0.0417326316 2.0000000000
 1842.9539000 89.947952271 0.0001890912 0.0021432401 0.0266064387 2.0000000000
 1843.4539000 95.575584412 0.0002424694 0.0020899400 0.0462401919 2.0000000000
 1843.9539000 102.31796265 0.0003061433 0.0020625500 0.0758856609 2.0000000000
 1844.4539000 101.93338776 0.0004656357 0.0020689801 0.1743527055 2.0000000000
 1844.9539000 100.82417297 0.0006348706 0.0020835400 0.3191584945 2.0000000000
 1845.4539000 98.554664612 0.0004708869 0.0021036100 0.1719133705 2.0000000000
 1845.9539000 96.167182922 0.0002730228 0.0021162899 0.0570338331 2.0000000000
 1846.4539000 95.609931946 0.0003629038 0.0021202900 0.1003491208 2.0000000000
 1846.9539000 95.238777161 0.0004820416 0.0021373001 0.1739661992 2.0000000000
 1847.4539000 91.663650513 0.0004132433 0.0021695099 0.1237132251 2.0000000000
 1847.9539000 87.762756348 0.0003253366 0.0021624300 0.0772312805 2.0000000000
 1848.4539000 93.306472778 0.0002867809 0.0021105199 0.0633058101 2.0000000000
 1848.9539000 99.810485840 0.0002532431 0.0020922599 0.0503176861 2.0000000000
 1849.4539000 97.541931152 0.0003182043 0.0021156601 0.0775231197 2.0000000000
 1849.9539000 94.381416321 0.0003931806 0.0021220900 0.1175719649 2.0000000000
 1850.4539000 96.050354004 0.0003173735 0.0021056000 0.0779317394 2.0000000000
 1850.9539000 98.210319519 0.0002262353 0.0021029399 0.0397101715 2.0000000000
 1851.4539000 96.666366577 0.0002780839 0.0021178699 0.0590708554 2.0000000000
 1851.9539000 94.745811462 0.0003444708 0.0021186299 0.0905698389 2.0000000000
 1852.4539000 96.490051270 0.0003748765 0.0021019899 0.1091412529 2.0000000000
 1852.9539000 98.606918335 0.0004016237 0.0021052600 0.1248435229 2.0000000000
 1853.4539000 95.730850220 0.0003696043 0.0021322300 0.1028108895 2.0000000000
 1853.9539000 92.347122192 0.0003316097 0.0021411900 0.0819998458 2.0000000000
 1854.4539000 93.651062012 0.0003200881 0.0021279000 0.0774544328 2.0000000000
 1854.9539000 95.431617737 0.0003112581 0.0021212099 0.0737491995 2.0000000000
 1855.4539000 95.204246521 0.0003242365 0.0021240499 0.0797923729 2.0000000000
 1855.9539000 94.772720337 0.0003394322 0.0021289398 0.0870054886 2.0000000000
 1856.4539000 94.069335938 0.0002431656 0.0021351201 0.0443685539 2.0000000000
 1856.9539000 93.338302612 0.0001355660 0.0021176198 0.0140422247 2.0000000000
 1857.4539000 98.130157471 0.0002668171 0.0020739201 0.0569488555 2.0000000000
 1857.9539000 103.48355865 0.0004223536 0.0020542999 0.1457108855 2.0000000000
 1858.4539000 102.68218231 0.0003463599 0.0020639000 0.0969929770 2.0000000000
 1858.9539000 101.25499725 0.0002468252 0.0020791900 0.0484631769 2.0000000000
 1859.4539000 99.133102417 0.0003354307 0.0020977799 0.0877674967 2.0000000000
 1859.9539000 96.940574646 0.0004431654 0.0021061602 0.1518625468 2.0000000000
 1860.4539000 97.188652039 0.0003581470 0.0021029501 0.0995173529 2.0000000000
 1860.9539000 97.684883118 0.0002535302 0.0021096400 0.0495223068 2.0000000000
 1861.4539000 95.636695862 0.0003938756 0.0021284102 0.1172185689 2.0000000000
 1861.9539000 93.329795837 0.0005591278 0.0021277701 0.2363675088 2.0000000000
 1862.4539000 95.785682678 0.0004139408 0.0021045101 0.1327223778 2.0000000000
 1862.9539000 98.725822449 0.0002371895 0.0021014400 0.0437173359 2.0000000000
 1863.4539000 96.498237610 0.0002355958 0.0021229000 0.0421784110 2.0000000000
 1863.9539000 93.745223999 0.0002518114 0.0021466801 0.0470178388 2.0000000000
 1864.4539000 90.979507446 0.0002586482 0.0021705199 0.0484148711 2.0000000000
 1864.9539000 88.212501526 0.0002645315 0.0021705499 0.0506408922 2.0000000000
 1865.4539000 90.971656799 0.0004475608 0.0021443500 0.1488859206 2.0000000000
 1865.9539000 94.292686462 0.0006486016 0.0021214699 0.3201509714 2.0000000000
 1866.4539000 96.282417297 0.0005741078 0.0021049001 0.2551982105 2.0000000000
 1866.9539000 98.136795044 0.0004715988 0.0021035799 0.1724389941 2.0000000000
 1867.4539000 96.589683533 0.0004120100 0.0021184101 0.1295965314 2.0000000000
 1867.9539000 94.696731567 0.0003567852 0.0021123299 0.0977997780 2.0000000000
 1868.4539000 98.000099182 0.0003093093 0.0020815900 0.0759130865 2.0000000000
 1868.9539000 101.83181000 0.0002626214 0.0020836100 0.0546089709 2.0000000000
 1869.4539000 97.531677246 0.0002909972 0.0021242199 0.0642596930 2.0000000000
 1869.9539000 92.404731750 0.0003270051 0.0021511600 0.0789276361 2.0000000000
 1870.4539000 91.280746460 0.0003516658 0.0021590900 0.0905450508 2.0000000000
 1870.9539000 90.563766479 0.0003751729 0.0021618800 0.1027621776 2.0000000000
 1871.4539000 90.633987427 0.0004055147 0.0021609301 0.1201720983 2.0000000000
 1871.9539000 90.784248352 0.0004365515 0.0021477800 0.1411540657 2.0000000000
 1872.4539000 93.684799194 0.0003753004 0.0021215798 0.1071784645 2.0000000000
 1872.9539000 96.864990234 0.0003046659 0.0020862401 0.0732902363 2.0000000000
 1873.4539000 101.88632965 0.0002209712 0.0020421699 0.0404081792 2.0000000000
 1873.9539000 107.09487152 0.0001359487 0.0020458899 0.0152338278 2.0000000000
 1874.4539000 101.02046204 0.0001690092 0.0021031899 0.0221558381 2.0000000000
 1874.9539000 93.798835754 0.0002140760 0.0021641699 0.0333806612 2.0000000000
 1875.4539000 80.705307007 0.0004505810 0.0022237601 0.1393003762 3.0000000000
 1875.9539000 67.014739990 0.0007065506 0.0022494600 0.3339753151 3.0000000000
 1876.4539000 63.815555573 0.0015650829 0.0022379700 1.6572778225 3.0000000000
 1876.9539000 61.683086395 0.0024848809 0.0022493401 4.1313300133 3.0000000000
 1877.4539000 63.173286438 0.0026236398 0.0022896701 4.4290237427 3.0000000000
 1877.9539000 65.031814575 0.0026829855 0.0023550699 4.3533973694 3.0000000000
 1878.4539000 60.132446289 0.0028332402 0.0024451499 4.4698681831 3.0000000000
 1878.9539000 54.545955658 0.0029927380 0.0024565801 4.9363889694 3.0000000000
 1879.4539000 59.799297333 0.0021708705 0.0023788700 2.7877399921 3.0000000000
 1879.9539000 66.154785156 0.0012492212 0.0023258100 0.9700973630 3.0000000000
 1880.4539000 63.887596130 0.0014357574 0.0023089799 1.3020803928 3.0000000000
 1880.9539000 60.743690491 0.0017349690 0.0023077799 1.9035127163 3.0000000000
 1881.4539000 63.643016815 0.0015025951 0.0023201201 1.4111101627 3.0000000000
 1881.9539000 67.156791687 0.0012161718 0.0023083701 0.9347982407 3.0000000000
 1882.4539000 63.206336975 0.0029596249 0.0022687099 5.7512149811 3.0000000000
 1882.9539000 58.496948242 0.0049094679 0.0022541501 16.051166534 3.0000000000
 1883.4539000 60.444507599 0.0034062311 0.0022701100 7.6075539589 3.0000000000
 1883.9539000 63.068916321 0.0015518997 0.0023196700 1.5058774948 3.0000000000
 1884.4539000 61.762260437 0.0034712157 0.0024031401 6.9702639580 3.0000000000
 1884.9539000 60.055904388 0.0057742214 0.0023976401 19.384832382 3.0000000000
 1885.4539000 53.414566040 0.0040098624 0.0022906801 10.335635185 3.0000000000
 1885.9539000 46.271461487 0.0018319512 0.0022448900 2.2552707195 3.0000000000
 1886.4539000 53.824668884 0.0011971931 0.0022768299 0.9336864948 3.0000000000
 1886.9539000 62.872138977 0.0007193362 0.0023579400 0.3120985925 3.0000000000
 1887.4539000 64.401985168 0.0010046187 0.0024852999 0.5422120094 3.0000000000
 1887.9539000 65.167472839 0.0013674942 0.0024936302 0.9972878098 3.0000000000
 1888.4539000 70.361305237 0.0013239873 0.0023661100 1.0492784977 3.0000000000
 1888.9539000 76.005401611 0.0012391612 0.0023022301 0.9761766791 3.0000000000
 1889.4539000 71.186790466 0.0010431785 0.0023222701 0.6787490845 3.0000000000
 1889.9539000 65.304382324 0.0008358939 0.0022329900 0.4750631452 3.0000000000
 1890.4539000 68.689758301 0.0009906815 0.0020147499 0.8367227316 2.0000000000
 1890.9539000 73.017448425 0.0011822830 0.0019728700 1.2480336428 2.0000000000
 1891.4539000 76.689613342 0.0012431788 0.0021384100 1.1557585001 2.0000000000
 1891.9539000 80.295120239 0.0012907848 0.0022956498 1.0658971071 3.0000000000
 1892.4539000 71.278877258 0.0013029223 0.0024226501 0.9647115469 3.0000000000
 1892.9539000 60.979305267 0.0013114533 0.0025186199 0.8973211050 3.0000000000
 1893.4539000 62.426998138 0.0011481937 0.0025834800 0.6503978968 3.0000000000
 1893.9539000 65.069107056 0.0009674673 0.0025234199 0.4862903357 3.0000000000
 1894.4539000 67.286109924 0.0022681809 0.0023289099 3.1887426376 3.0000000000
 1894.9539000 69.459892273 0.0037195212 0.0022004400 9.7152299881 3.0000000000
 1895.4539000 63.793018341 0.0034689456 0.0021583999 8.8166742325 2.0000000000
 1895.9539000 57.328941345 0.0030453256 0.0021940600 6.5542163849 2.0000000000
 1896.4539000 58.375205994 0.0022757081 0.0023065200 3.2788927555 3.0000000000
 1896.9539000 60.185089111 0.0014709110 0.0022721600 1.4158171415 3.0000000000
 1897.4539000 56.048206329 0.0017014018 0.0020682500 2.3296308517 2.0000000000
 1897.9539000 51.306682587 0.0020371559 0.0020508200 3.4025766850 2.0000000000
 1898.4539000 53.411010742 0.0020496752 0.0022560600 2.7925353050 3.0000000000
 1898.9539000 56.211391449 0.0020293291 0.0023380900 2.5305228233 3.0000000000
 1899.4539000 59.527019501 0.0025947313 0.0022617399 4.4505214691 3.0000000000
 1899.9539000 62.895034790 0.0032196902 0.0022227999 7.1194648743 3.0000000000
 1900.4539000 67.139152527 0.0027721901 0.0022411800 5.1831908226 3.0000000000
 1900.9539000 71.472358704 0.0022156474 0.0022463400 3.2942395210 3.0000000000
 1901.4539000 77.260948181 0.0014177730 0.0022310901 1.3692278862 3.0000000000
 1901.9539000 83.197517395 0.0005953616 0.0022567301 0.2354542464 3.0000000000
 1902.4539000 78.290710449 0.0015296655 0.0023294901 1.4495027065 3.0000000000
 1902.9539000 72.281387329 0.0026425845 0.0023810200 4.1226749420 3.0000000000
 1903.4539000 70.479293823 0.0020361240 0.0024043701 2.3955516815 3.0000000000
 1903.9539000 69.104965210 0.0012548441 0.0024725101 0.8556098938 3.0000000000
 1904.4539000 62.781150818 0.0013579826 0.0025928500 0.9025643468 3.0000000000
 1904.9539000 55.954086304 0.0015510451 0.0025901301 1.1801613569 3.0000000000
 1905.4539000 52.229637146 0.0016492002 0.0024465001 1.5126806498 3.0000000000
 1905.9539000 48.820648193 0.0017377057 0.0023553800 1.8256531954 3.0000000000
 1906.4539000 53.703929901 0.0014469429 0.0023364299 1.2885068655 3.0000000000
 1906.9539000 59.430332184 0.0011176179 0.0023136500 0.7854741216 3.0000000000
 1907.4539000 62.444084167 0.0011550836 0.0022792900 0.8670971990 3.0000000000
 1907.9539000 65.182022095 0.0012298432 0.0022979300 0.9655140042 3.0000000000
 1908.4539000 61.508617401 0.0012505862 0.0023307300 0.9677094221 3.0000000000
 1908.9539000 57.183326721 0.0012658371 0.0022955900 1.0251517296 3.0000000000
 1909.4539000 65.396949768 0.0008511812 0.0022300000 0.4940527380 3.0000000000
 1909.9539000 74.885482788 0.0003928142 0.0021876299 0.1097569242 2.0000000000
 1910.4539000 68.202140808 0.0010078994 0.0021734601 0.7329944968 2.0000000000
 1910.9539000 59.874515533 0.0017321287 0.0022308100 2.0442905426 3.0000000000
 1911.4539000 57.564174652 0.0018991897 0.0023640599 2.1631569862 3.0000000000
 1911.9539000 55.865646362 0.0020096002 0.0023669000 2.4155917168 3.0000000000
 1912.4539000 57.081710815 0.0016873069 0.0022183501 1.9639118910 3.0000000000
 1912.9539000 58.594120026 0.0013210180 0.0021259999 1.3218382597 2.0000000000
 1913.4539000 59.856605530 0.0015714498 0.0021109700 1.8999426365 2.0000000000
 1913.9539000 61.093677521 0.0018845873 0.0022076801 2.4761276245 3.0000000000
 1914.4539000 61.466220856 0.0020603305 0.0024196000 2.4190113544 3.0000000000
 1914.9539000 61.750858307 0.0022221040 0.0024920900 2.6368691921 3.0000000000
 1915.4539000 58.253543854 0.0017370321 0.0023992599 1.7516430616 3.0000000000
 1915.9539000 54.371696472 0.0011861917 0.0022980999 0.8980451226 3.0000000000
 1916.4539000 65.999610901 0.0008074573 0.0022045600 0.4559643865 3.0000000000
 1916.9539000 79.204498291 0.0004462222 0.0022335001 0.1353110075 3.0000000000
 1917.4539000 74.596954346 0.0010795560 0.0023965999 0.6782349348 3.0000000000
 1917.9539000 68.178329468 0.0018140136 0.0024455001 1.8317750692 3.0000000000
 1918.4539000 68.308326721 0.0014022823 0.0023549399 1.1893652678 3.0000000000
 1918.9539000 69.104164124 0.0008740110 0.0023693200 0.4558916390 3.0000000000
 1919.4539000 63.264213562 0.0019593604 0.0025135202 2.0119049549 3.0000000000
 1919.9539000 56.749561310 0.0032087762 0.0026263699 4.8988695145 3.0000000000
 1920.4539000 60.476325989 0.0021076626 0.0026915101 2.0026772022 3.0000000000
 1920.9539000 65.244392395 0.0007675570 0.0026180299 0.2822780609 3.0000000000
 1921.4539000 63.370639801 0.0009284794 0.0023967100 0.5016379952 3.0000000000
 1921.9539000 60.821571350 0.0012420201 0.0023597700 0.9288464785 3.0000000000
 1922.4539000 57.777908325 0.0013723306 0.0025410100 0.9636147618 3.0000000000
 1922.9539000 54.683956146 0.0014840110 0.0026198500 1.0535764694 3.0000000000
 1923.4539000 54.359539032 0.0016888066 0.0025637099 1.4310286045 3.0000000000
 1923.9539000 54.316711426 0.0019030694 0.0024649701 1.9811786413 3.0000000000
 1924.4539000 55.579971313 0.0021506981 0.0023330101 2.8558957577 3.0000000000
 1924.9539000 56.976024628 0.0024017189 0.0022582200 3.8261201382 3.0000000000
 1925.4539000 63.687713623 0.0016657015 0.0022497899 1.8555901051 3.0000000000
 1925.9539000 70.939872742 0.0008293262 0.0023195699 0.4300850034 3.0000000000
 1926.4539000 69.851226807 0.0018461638 0.0024687799 1.8581433296 3.0000000000
 1926.9539000 67.914520264 0.0030514286 0.0025602800 4.6856946945 3.0000000000
 1927.4539000 66.476394653 0.0021473796 0.0025801300 2.2814247608 3.0000000000
 1927.9539000 65.088958740 0.0010288643 0.0024810201 0.5708599687 3.0000000000
 1928.4539000 73.570190430 0.0006980675 0.0022581301 0.3232563734 3.0000000000
 1928.9539000 83.054832458 0.0004473625 0.0020920301 0.1570614874 2.0000000000
 1929.4539000 74.963470459 0.0016230723 0.0020010700 2.2798104286 2.0000000000
 1929.9539000 65.085052490 0.0029438138 0.0019897001 7.5943026543 2.0000000000
 1930.4539000 65.180610657 0.0022958592 0.0020583500 4.2869477272 2.0000000000
 1930.9539000 66.290283203 0.0014477356 0.0021201000 1.5973296165 2.0000000000
 1931.4539000 70.497627258 0.0012002406 0.0021661299 1.0472025871 2.0000000000
 1931.9539000 75.019927979 0.0010138148 0.0022032999 0.7197063565 3.0000000000
 1932.4539000 74.849937439 0.0013146695 0.0022323299 1.1758847237 3.0000000000
 1932.9539000 74.202850342 0.0016650694 0.0022837301 1.7940980196 3.0000000000
 1933.4539000 66.411567688 0.0018122665 0.0023606201 1.9759989977 3.0000000000
 1933.9539000 57.893898010 0.0019388029 0.0023552300 2.2729713917 3.0000000000
 1934.4539000 65.398834229 0.0014255177 0.0022565799 1.3500617743 3.0000000000
 1934.9539000 74.532882690 0.0008471778 0.0021809000 0.5139849782 2.0000000000
 1935.4539000 79.347648621 0.0012467357 0.0021399800 1.1605061293 2.0000000000
 1935.9539000 83.723243713 0.0017457225 0.0020679398 2.4533925056 2.0000000000
 1936.4539000 96.068153381 0.0010986404 0.0019580601 1.0957056284 2.0000000000
 1936.9539000 109.22335815 0.0003350309 0.0018887800 0.1102987528 2.0000000000
 1937.4539000 112.14900970 0.0001823861 0.0018680500 0.0334910601 2.0000000000
 1937.9539000 114.03456879 0.0000918618 0.0018497700 0.0086818272 2.0000000000
 1938.4539000 116.39032745 0.0000941217 0.0018292600 0.0093405768 2.0000000000
 1938.9539000 118.79389954 0.0001058155 0.0018360600 0.0117097497 2.0000000000
 1939.4539000 114.81227875 0.0001685674 0.0018731799 0.0284362398 2.0000000000
 1939.9539000 110.18142700 0.0002365106 0.0018807501 0.0554846562 2.0000000000
 1940.4539000 113.05441284 0.0001964511 0.0018527000 0.0395674296 2.0000000000
 1940.9539000 116.69033051 0.0001454104 0.0018243199 0.0224268623 2.0000000000
 1941.4539000 119.64206696 0.0001647023 0.0017991801 0.0296643823 2.0000000000
 1941.9539000 122.52423096 0.0001911454 0.0017826100 0.0407759324 2.0000000000
 1942.4539000 123.48915863 0.0001579751 0.0017751300 0.0281106438 2.0000000000
 1942.9539000 124.25916290 0.0001187435 0.0017701200 0.0159813631 2.0000000000
 1943.4539000 124.65229797 0.0000830977 0.0017668899 0.0078580882 2.0000000000
 1943.9539000 125.00713348 0.0000478164 0.0017517800 0.0026515464 2.0000000000
 1944.4539000 128.15852356 0.0000565172 0.0017234001 0.0038398267 2.0000000000
 1944.9539000 131.59425354 0.0000696899 0.0017110901 0.0059311502 2.0000000000
 1945.4539000 131.01591492 0.0001007646 0.0017178300 0.0122930566 2.0000000000
 1945.9539000 130.02946472 0.0001336596 0.0017164201 0.0216684807 2.0000000000
 1946.4539000 131.34512329 0.0001105993 0.0017040700 0.0150741385 2.0000000000
 1946.9539000 132.89486694 0.0000818497 0.0017548200 0.0077396766 2.0000000000
 1947.4539000 119.56552124 0.0001834580 0.0018762100 0.0335624814 2.0000000000
 1947.9539000 104.72332001 0.0002983205 0.0018983500 0.0864845142 2.0000000000
 1948.4539000 114.42787170 0.0002368549 0.0018039601 0.0609909482 2.0000000000
 1948.9539000 126.62822723 0.0001574609 0.0017551200 0.0286332350 2.0000000000
 1949.4539000 125.76318359 0.0002125523 0.0017683000 0.0513225682 2.0000000000
 1949.9539000 123.56967926 0.0002813176 0.0017887400 0.0876576453 2.0000000000
 1950.4539000 121.01872253 0.0003003222 0.0018108800 0.0972338468 2.0000000000
 1950.9539000 118.43141174 0.0003142674 0.0018191800 0.1054076552 2.0000000000
 1951.4539000 119.09219360 0.0001970757 0.0018120700 0.0418100804 2.0000000000
 1951.9539000 120.08322144 0.0000665505 0.0018063099 0.0048013120 2.0000000000
 1952.4539000 120.42858887 0.0000928620 0.0018036200 0.0093790013 2.0000000000
 1952.9539000 120.70831299 0.0001351199 0.0017927601 0.0201228708 2.0000000000
 1953.4539000 122.94933319 0.0001210836 0.0017725800 0.0165667776 2.0000000000
 1953.9539000 125.38976288 0.0001013236 0.0017613501 0.0117641464 2.0000000000
 1954.4539000 125.55596924 0.0000855556 0.0017609100 0.0083921906 2.0000000000
 1954.9539000 125.49095154 0.0000701936 0.0017710300 0.0055782460 2.0000000000
 1955.4539000 123.20848846 0.0000837464 0.0017916700 0.0077404226 2.0000000000
 1955.9539000 120.70056152 0.0001002392 0.0017927501 0.0110746929 2.0000000000
 1956.4539000 122.95963287 0.0001237339 0.0017711900 0.0173298251 2.0000000000
 1956.9539000 125.70337677 0.0001479406 0.0017727599 0.0247254819 2.0000000000
 1957.4539000 122.59394073 0.0001287566 0.0018021200 0.0180640370 2.0000000000
 1957.9539000 118.88937378 0.0001051608 0.0018068000 0.0119813560 2.0000000000
 1958.4539000 121.50868225 0.0000971160 0.0017814501 0.0105409501 2.0000000000
 1958.9539000 124.77098083 0.0000906523 0.0017787500 0.0092152115 2.0000000000
 1959.4539000 122.13609314 0.0001185952 0.0018040400 0.0152894864 2.0000000000
 1959.9539000 118.90158844 0.0001500364 0.0018356700 0.0235529542 2.0000000000
 1960.4539000 114.79541779 0.0002216900 0.0018714400 0.0492838994 2.0000000000
 1960.9539000 110.60061646 0.0002974321 0.0018504300 0.0909443423 2.0000000000
 1961.4539000 119.67104340 0.0002097850 0.0017664599 0.0501095504 2.0000000000
 1961.9539000 130.09020996 0.0001055252 0.0017459100 0.0130096171 2.0000000000
 1962.4539000 124.44023895 0.0001756135 0.0018016399 0.0336237624 2.0000000000
 1962.9539000 117.15641785 0.0002634288 0.0018323100 0.0729002208 2.0000000000
 1963.4539000 117.32042694 0.0002159694 0.0018276300 0.0492753871 2.0000000000
 1963.9539000 118.24169922 0.0001547557 0.0018462400 0.0247434136 2.0000000000
 1964.4539000 113.00183868 0.0001334200 0.0018941000 0.0173842441 2.0000000000
 1964.9539000 107.13553619 0.0001161390 0.0019244499 0.0127198314 2.0000000000
 1965.4539000 105.95805359 0.0001818798 0.0019325400 0.0309090801 2.0000000000
 1965.9539000 105.25729370 0.0002560619 0.0019055500 0.0631895363 2.0000000000
 1966.4539000 112.22154999 0.0002122581 0.0018421800 0.0467733070 2.0000000000
 1966.9539000 119.96515656 0.0001564580 0.0018018200 0.0266827568 2.0000000000
 1967.4539000 121.58820343 0.0001322050 0.0017905199 0.0193170849 2.0000000000
 1967.9539000 122.58892059 0.0001111595 0.0017809201 0.0138189700 2.0000000000
 1968.4539000 123.81714630 0.0001004848 0.0017702299 0.0114428736 2.0000000000
 1968.9539000 125.06851196 0.0000908644 0.0017680100 0.0093825590 2.0000000000
 1969.4539000 124.33368683 0.0000677578 0.0017752100 0.0051709316 2.0000000000
 1969.9539000 123.39691925 0.0000432799 0.0017710300 0.0021206809 2.0000000000
 1970.4539000 125.30284119 0.0000520957 0.0017533600 0.0031411345 2.0000000000
 1970.9539000 127.49778748 0.0000642966 0.0017455501 0.0048319739 2.0000000000
 1971.4539000 127.11537933 0.0001140425 0.0017499700 0.0151170297 2.0000000000
 1971.9539000 126.47091675 0.0001676060 0.0017843001 0.0312859640 2.0000000000
 1972.4539000 119.14958191 0.0002917243 0.0018503199 0.0874988139 2.0000000000
 1972.9539000 111.14936829 0.0004230164 0.0018604200 0.1817900985 2.0000000000
 1973.4539000 116.80494690 0.0002974972 0.0018057000 0.0960164070 2.0000000000
 1973.9539000 123.84899902 0.0001458666 0.0018140700 0.0228492841 2.0000000000
 1974.4539000 114.86219025 0.0001784178 0.0018985400 0.0309280679 2.0000000000
 1974.9539000 104.24542236 0.0002296959 0.0019449100 0.0486101955 2.0000000000
 1975.4539000 104.10024261 0.0002394598 0.0019415701 0.0530308150 2.0000000000
 1975.9539000 105.01976776 0.0002450027 0.0019131801 0.0573427975 2.0000000000
 1976.4539000 110.68811035 0.0002608785 0.0018622599 0.0689902827 2.0000000000
 1976.9539000 116.83927917 0.0002778049 0.0018156600 0.0827186927 2.0000000000
 1977.4539000 121.50176239 0.0001768815 0.0017761401 0.0351977721 2.0000000000
 1977.9539000 126.01287079 0.0000639757 0.0017667800 0.0046583195 2.0000000000
 1978.4539000 123.67471313 0.0000632044 0.0017899200 0.0044183549 2.0000000000
 1978.9539000 120.64015961 0.0000738344 0.0018352700 0.0057066013 2.0000000000
 1979.4539000 113.15000916 0.0001621861 0.0019017699 0.0254612472 2.0000000000
 1979.9539000 105.20683289 0.0002584402 0.0019038500 0.0644953176 2.0000000000
 1980.4539000 112.66574097 0.0002216319 0.0018328300 0.0515698381 2.0000000000
 1980.9539000 121.69065857 0.0001712944 0.0018020100 0.0319757201 2.0000000000
 1981.4539000 119.81719208 0.0001521768 0.0018229299 0.0246038325 2.0000000000
 1981.9539000 116.83560944 0.0001362335 0.0018203001 0.0197812244 2.0000000000
 1982.4539000 120.42948914 0.0001177231 0.0017864500 0.0153937088 2.0000000000
 1982.9539000 124.69193268 0.0000989516 0.0018003901 0.0106915217 2.0000000000
 1983.4539000 117.19268036 0.0001077801 0.0018701699 0.0116664432 2.0000000000
 1983.9539000 108.49755859 0.0001194147 0.0018741700 0.0142539702 2.0000000000
 1984.4539000 116.26438141 0.0001179335 0.0018000300 0.0151935462 2.0000000000
 1984.9539000 125.70498657 0.0001151188 0.0017700000 0.0150228171 2.0000000000
 1985.4539000 123.23313141 0.0000969050 0.0017965201 0.0103024868 2.0000000000
 1985.9539000 119.55007172 0.0000771256 0.0018235201 0.0063152909 2.0000000000
 1986.4539000 116.96800995 0.0001136175 0.0018452901 0.0133520570 2.0000000000
 1986.9539000 114.49790192 0.0001558309 0.0018268800 0.0256770384 2.0000000000
 1987.4539000 121.23975372 0.0001554892 0.0017647500 0.0275865607 2.0000000000
 1987.9539000 128.91824341 0.0001508208 0.0017431000 0.0266693980 2.0000000000
 1988.4539000 126.26309967 0.0001320313 0.0017705099 0.0197486561 2.0000000000
 1988.9539000 122.55726624 0.0001118061 0.0018222301 0.0132924225 2.0000000000
 1989.4539000 114.25817871 0.0002331913 0.0018957700 0.0530024916 2.0000000000
 1989.9539000 105.49205780 0.0003689748 0.0019211901 0.1288661212 2.0000000000
 1990.4539000 108.35848236 0.0003299112 0.0018913900 0.1066290885 2.0000000000
 1990.9539000 112.40763855 0.0002730698 0.0018280600 0.0787350982 2.0000000000
 1991.4539000 123.05560303 0.0001650126 0.0017334101 0.0323185138 2.0000000000
 1991.9539000 134.37449646 0.0000517480 0.0017004199 0.0033156131 2.0000000000
 1992.4539000 130.71209717 0.0000888840 0.0017385500 0.0093161296 2.0000000000
 1992.9539000 125.52645874 0.0001413121 0.0017730300 0.0225519110 2.0000000000
 1993.4539000 122.70867920 0.0001595594 0.0017962800 0.0279397070 2.0000000000
 1993.9539000 120.13166046 0.0001743313 0.0017963401 0.0333500057 2.0000000000
 1994.4539000 122.69522858 0.0001572811 0.0017719901 0.0279729534 2.0000000000
 1994.9539000 125.78146362 0.0001369954 0.0017604500 0.0215297826 2.0000000000
 1995.4539000 125.37374115 0.0001047312 0.0017654900 0.0125039974 2.0000000000
 1995.9539000 124.61074829 0.0000712492 0.0017656200 0.0057860990 2.0000000000
 1996.4539000 125.34326935 0.0001096344 0.0017586499 0.0138197085 2.0000000000
 1996.9539000 126.22783661 0.0001553268 0.0017540001 0.0279014874 2.0000000000
 1997.4539000 126.42308044 0.0001145841 0.0017526201 0.0152102215 2.0000000000
 1997.9539000 126.54823303 0.0000650531 0.0017992200 0.0046275444 2.0000000000
 1998.4539000 115.60655212 0.0002856200 0.0018983600 0.0792764574 2.0000000000
 1998.9539000 103.53964996 0.0005336492 0.0019477301 0.2615462542 2.0000000000
 1999.4539000 104.15104675 0.0003798666 0.0019369000 0.1341610104 2.0000000000
 1999.9539000 106.05153656 0.0001852293 0.0018887600 0.0337155685 2.0000000000
 2000.4539000 115.32289886 0.0001224101 0.0018056401 0.0162571948 2.0000000000
 2000.9539000 125.34371185 0.0000729935 0.0017554701 0.0061503998 2.0000000000
 2001.4539000 126.96604919 0.0000750955 0.0017451701 0.0065945401 2.0000000000
 2001.9539000 127.73448181 0.0000824356 0.0017776699 0.0076305722 2.0000000000
 2002.4539000 119.42504120 0.0001405204 0.0018532500 0.0202313066 2.0000000000
 2002.9539000 110.19261169 0.0002037647 0.0018798501 0.0412274823 2.0000000000
 2003.4539000 113.25064850 0.0001774141 0.0018481199 0.0324466564 2.0000000000
 2003.9539000 117.55834198 0.0001419539 0.0018326800 0.0211594403 2.0000000000
 2004.4539000 116.83396149 0.0001620615 0.0018411300 0.0273006968 2.0000000000
 2004.9539000 115.59793091 0.0001878189 0.0019500600 0.0323126912 2.0000000000
 2005.4539000 81.187469482 0.0020516526 0.0021672600 3.0563523769 2.0000000000
 2005.9539000 43.403961182 0.0041023744 0.0023444600 10.279603958 3.0000000000
 2006.4539000 41.595024109 0.0040299585 0.0024665799 8.8713912964 3.0000000000
 2006.9539000 43.443832397 0.0037416718 0.0024818499 7.5444097519 3.0000000000
 2007.4539000 41.655876160 0.0031995464 0.0023849800 6.0215792656 3.0000000000
 2007.9539000 39.498153687 0.0026316117 0.0024104600 3.9794564247 3.0000000000
 2008.4539000 39.598289490 0.0026546612 0.0025821098 3.4807581902 3.0000000000
 2008.9539000 39.927993774 0.0027378001 0.0026940398 3.3722102642 3.0000000000
 2009.4539000 34.101245880 0.0030619367 0.0027253299 4.1121640205 3.0000000000
 2009.9539000 27.648536682 0.0034105771 0.0026407901 5.4681596756 3.0000000000
 2010.4539000 30.147598267 0.0029013220 0.0024368500 4.7224621773 3.0000000000
 2010.9539000 33.556842804 0.0023048392 0.0024122300 3.0476148129 3.0000000000
 2011.4539000 32.520839691 0.0034508887 0.0025973001 5.8064837456 3.0000000000
 2011.9539000 31.032863617 0.0047741113 0.0026188800 10.912663460 3.0000000000
 2012.4539000 34.938583374 0.0041767820 0.0024390400 9.7679176331 3.0000000000
 2012.9539000 39.392715454 0.0033841792 0.0023755401 6.7956266403 3.0000000000
 2013.4539000 35.698272705 0.0036318016 0.0024606800 7.2430739403 3.0000000000
 2013.9539000 31.175313950 0.0039851898 0.0024936302 8.4696903229 3.0000000000
 2014.4539000 36.733970642 0.0032340209 0.0024540098 5.7777371407 3.0000000000
 2014.9539000 43.317687988 0.0023705452 0.0023936101 3.2792835236 3.0000000000
 2015.4539000 41.443546295 0.0028847184 0.0019092500 7.9856204987 2.0000000000
 2015.9539000 38.709445953 0.0035389648 0.0015404000 19.273420334 2.0000000000
 2016.4539000 36.187957764 0.0031820764 0.0017546100 11.701024055 2.0000000000
 2016.9539000 33.688083649 0.0027223798 0.0018317599 7.7908811569 2.0000000000
 2017.4539000 37.157089233 0.0036384582 0.0016944300 16.518962860 2.0000000000
 2017.9539000 41.232986450 0.0046944199 0.0015637199 32.810596466 2.0000000000
 2018.4539000 41.552722931 0.0040701847 0.0014621100 28.593816757 1.0000000000
 2018.9539000 41.490547180 0.0032751146 0.0014069501 20.148368835 1.0000000000
 2019.4539000 40.593242645 0.0032693837 0.0014000300 20.296895981 1.0000000000
 2019.9539000 39.611022949 0.0033439093 0.0014072300 20.994510651 1.0000000000
 2020.4539000 41.719867706 0.0025574281 0.0014250800 11.944294930 1.0000000000
 2020.9539000 44.143001556 0.0016834035 0.0014502900 4.9793858528 1.0000000000
 2021.4539000 42.699386597 0.0045872680 0.0014825199 35.229545593 1.0000000000
 2021.9539000 40.862613678 0.0078752516 0.0015806999 90.169593811 2.0000000000
 2022.4539000 39.174415588 0.0063907476 0.0017508499 47.419364929 2.0000000000
 2022.9539000 37.501327515 0.0044209966 0.0017642800 22.314739227 2.0000000000
 2023.4539000 38.733058929 0.0031086628 0.0015977500 13.722328186 2.0000000000
 2023.9539000 40.260135651 0.0018631717 0.0015481999 5.2830686569 2.0000000000
 2024.4539000 37.828765869 0.0028018490 0.0016458100 10.443694115 2.0000000000
 2024.9539000 34.994918823 0.0039626039 0.0016472600 20.848968506 2.0000000000
 2025.4539000 38.165882111 0.0044289092 0.0015277900 30.736434937 2.0000000000
 2025.9539000 41.947391510 0.0048246058 0.0015025600 37.834991455 2.0000000000
 2026.4539000 36.318031311 0.0043429746 0.0015934401 26.942380905 2.0000000000
 2026.9539000 29.731817245 0.0037721409 0.0016029000 20.062345505 2.0000000000
 2027.4539000 32.149810791 0.0039092992 0.0015108500 24.542049408 2.0000000000
 2027.9539000 35.483314514 0.0041184425 0.0014774500 28.611318588 1.0000000000
 2028.4539000 38.078041077 0.0037061435 0.0015189700 21.798982620 2.0000000000
 2028.9539000 40.597652435 0.0032306581 0.0014728700 17.726388931 1.0000000000
 2029.4539000 42.935237885 0.0026662427 0.0013226500 15.297500610 1.0000000000
 2029.9539000 45.254318237 0.0020927850 0.0012367601 10.924994469 1.0000000000
 2030.4539000 42.722286224 0.0032574139 0.0012323200 26.678056717 1.0000000000
 2030.9539000 39.697013855 0.0045987638 0.0013584500 42.912727356 1.0000000000
 2031.4539000 38.616561890 0.0033248267 0.0016201299 15.223985672 2.0000000000
 2031.9539000 37.733852386 0.0017849781 0.0017281499 3.8070330620 2.0000000000
 2032.4539000 35.893264771 0.0026498756 0.0016530999 9.2510910034 2.0000000000
 2032.9539000 33.955284119 0.0037592780 0.0016583001 18.490558624 2.0000000000
 2033.4539000 37.113704681 0.0037483959 0.0017705600 15.916496277 2.0000000000
 2033.9539000 40.790302277 0.0036236080 0.0018269700 13.882679939 2.0000000000
 2034.4539000 41.271858215 0.0038820207 0.0018109899 16.244277954 2.0000000000
 2034.9539000 41.428558350 0.0041793953 0.0017598399 20.053302765 2.0000000000
 2035.4539000 41.873161316 0.0030245348 0.0016773200 11.672452927 2.0000000000
 2035.9539000 42.347034454 0.0017220164 0.0015976100 4.2115201950 2.0000000000
 2036.4539000 41.655208588 0.0016518331 0.0015241801 4.2978625298 2.0000000000
 2036.9539000 40.844852448 0.0017069485 0.0014484000 5.1343579292 1.0000000000
 2037.4539000 35.538848877 0.0059372978 0.0013693901 70.277755737 2.0000000000
 2037.9539000 29.775739670 0.0105921682 0.0013169700 243.72653198 3.0000000000
 2038.4539000 50.747814178 0.0069569685 0.0012941801 109.25761414 2.0000000000
 2038.9539000 74.438217163 0.0024788692 0.0013643899 12.349305153 1.0000000000
 2039.4539000 71.767585754 0.0013421597 0.0015340500 2.7974443436 2.0000000000
 2039.9539000 66.416671753 0.0005451887 0.0015499800 0.4512074888 2.0000000000
 2040.4539000 70.912429810 0.0015289752 0.0013864499 4.5353593826 1.0000000000
 2040.9539000 76.409362793 0.0026938217 0.0013948999 13.891303062 1.0000000000
 2041.4539000 71.473556519 0.0028379245 0.0016110700 11.229229927 2.0000000000
 2041.9539000 65.476989746 0.0028782426 0.0016238301 11.351820946 2.0000000000
 2042.4539000 68.633483887 0.0021571950 0.0013914000 8.9574508667 1.0000000000
 2042.9539000 72.720626831 0.0013587347 0.0012276700 4.6804723740 1.0000000000
 2043.4539000 82.578170776 0.0008255855 0.0011645700 1.9407062531 1.0000000000
 2043.9539000 93.022430420 0.0003194120 0.0011106100 0.3224534988 1.0000000000
 2044.4539000 83.640235901 0.0006989761 0.0010565000 1.7235018015 1.0000000000
 2044.9539000 72.242172241 0.0011685982 0.0010665901 4.7177600861 1.0000000000
 2045.4539000 78.033287048 0.0009030547 0.0011474499 2.3989095688 1.0000000000
 2045.9539000 85.572120667 0.0005627626 0.0011344199 0.9553180933 1.0000000000
 2046.4539000 75.716888428 0.0017214445 0.0010107800 11.522360802 1.0000000000
 2046.9539000 64.093101501 0.0030325360 0.0010567200 32.426498413 1.0000000000
 2047.4539000 66.469345093 0.0024132121 0.0013007200 13.001293182 1.0000000000
 2047.9539000 70.269050598 0.0015976112 0.0013953100 4.8827738762 1.0000000000
 2048.4539000 75.485351563 0.0010819172 0.0013051599 2.5937485695 1.0000000000
 2048.9539000 80.845680237 0.0005967167 0.0012371400 0.8875949383 1.0000000000
 2049.4539000 83.537971497 0.0006227946 0.0012123000 1.0109913349 1.0000000000
 2049.9539000 85.958992004 0.0007008571 0.0011800800 1.3584815264 1.0000000000
 2050.4539000 91.015350342 0.0005872739 0.0011353500 1.0384747982 1.0000000000
 2050.9539000 96.339660645 0.0004542049 0.0011521700 0.6014052629 1.0000000000
 2051.4539000 87.111808777 0.0004829513 0.0012380700 0.5804532766 1.0000000000
 2051.9539000 76.404350281 0.0005281504 0.0013488700 0.5748849511 1.0000000000
 2052.4539000 71.424392700 0.0016975931 0.0014800900 4.8420958519 1.0000000000
 2052.9539000 67.026786804 0.0029813447 0.0015470099 13.550008774 2.0000000000
 2053.4539000 56.061878204 0.0028680223 0.0015410200 12.646980286 2.0000000000
 2053.9539000 44.429229736 0.0026126513 0.0014367100 12.244775772 1.0000000000
 2054.4539000 55.700962067 0.0018029732 0.0012314999 8.1850786209 1.0000000000
 2054.9539000 69.301513672 0.0009369358 0.0011585699 2.5280795097 1.0000000000
 2055.4539000 72.141502380 0.0013722412 0.0012416500 4.6565332413 1.0000000000
 2055.9539000 73.887405396 0.0019398617 0.0012998501 8.4134931564 1.0000000000
 2056.4539000 71.594711304 0.0019672033 0.0013147999 8.4373731613 1.0000000000
 2056.9539000 68.891387939 0.0019396113 0.0012930000 8.5096693039 1.0000000000
 2057.4539000 76.658515930 0.0014747655 0.0012351300 5.4409914017 1.0000000000
 2057.9539000 85.490242004 0.0009654616 0.0012096500 2.4412858486 1.0000000000
 2058.4539000 84.461395264 0.0007484070 0.0012235199 1.4306435585 1.0000000000
 2058.9539000 82.429977417 0.0005610673 0.0012382100 0.7832174301 1.0000000000
 2059.4539000 81.051513672 0.0005455825 0.0012498100 0.7255445719 1.0000000000
 2059.9539000 79.739433289 0.0005475712 0.0012204300 0.7701102495 1.0000000000
 2060.4539000 87.870376587 0.0003617474 0.0011462200 0.3858524561 1.0000000000
 2060.9539000 96.961441040 0.0001568275 0.0011397899 0.0734226182 1.0000000000
 2061.4539000 89.363044739 0.0005560615 0.0012125800 0.8055319786 1.0000000000
 2061.9539000 80.067718506 0.0010167233 0.0012202000 2.6561791897 1.0000000000
 2062.4539000 76.879287720 0.0008918580 0.0011479600 2.3375051022 1.0000000000
 2062.9539000 74.311775208 0.0007074586 0.0011680600 1.4157243967 1.0000000000
 2063.4539000 73.617980957 0.0012632951 0.0012980001 3.5793585777 1.0000000000
 2063.9539000 73.114700317 0.0018943958 0.0014130600 6.6771035194 1.0000000000
 2064.4539000 72.807655334 0.0016398684 0.0015005601 4.3838987350 2.0000000000
 2064.9539000 72.520561218 0.0012952939 0.0014859299 2.7947330475 1.0000000000
 2065.4539000 74.387680054 0.0011996120 0.0013615900 2.9052243233 1.0000000000
 2065.9539000 76.473823547 0.0011292363 0.0012190100 3.2836260796 1.0000000000
 2066.4539000 74.929542542 0.0009362561 0.0010675100 3.0225327015 1.0000000000
 2066.9539000 73.016128540 0.0007308098 0.0010343400 1.9740103483 1.0000000000
 2067.4539000 79.013397217 0.0010848732 0.0011324200 3.5640301704 1.0000000000
 2067.9539000 85.814994812 0.0014958255 0.0012115100 5.8403973579 1.0000000000
 2068.4539000 82.055763245 0.0021296993 0.0012563301 10.929702759 1.0000000000
 2068.9539000 77.222755432 0.0027862387 0.0012827500 17.869983673 1.0000000000
 2069.4539000 75.922584534 0.0021049087 0.0012924101 10.031959534 1.0000000000
 2069.9539000 74.981620789 0.0012875497 0.0012727401 3.8824033737 1.0000000000
 2070.4539000 80.486145020 0.0011865629 0.0012224800 3.6028792858 1.0000000000
 2070.9539000 86.646026611 0.0011584141 0.0012099401 3.5127491951 1.0000000000
 2071.4539000 83.396713257 0.0007870398 0.0012420700 1.5306361914 1.0000000000
 2071.9539000 79.190711975 0.0003807676 0.0012581301 0.3482761681 1.0000000000
 2072.4539000 79.668640137 0.0003525594 0.0012519599 0.3018322587 1.0000000000
 2072.9539000 80.622817993 0.0003627912 0.0013161901 0.2862941325 1.0000000000
 2073.4539000 72.755012512 0.0012303283 0.0014602201 2.6201233864 1.0000000000
 2073.9539000 63.990219116 0.0021850329 0.0014918600 7.8834118843 1.0000000000
 2074.4539000 62.168891907 0.0027433615 0.0013915700 14.482881546 1.0000000000
 2074.9539000 61.053546906 0.0032613880 0.0013258000 22.769491196 1.0000000000
 2075.4539000 64.876510620 0.0019694911 0.0013114699 8.5043220520 1.0000000000
 2075.9539000 69.201576233 0.0004935686 0.0013582701 0.4944536388 1.0000000000
 2076.4539000 71.128501892 0.0009446613 0.0014672200 1.5284904242 1.0000000000
 2076.9539000 72.811592102 0.0015916850 0.0014756600 4.2849364281 1.0000000000
 2077.4539000 73.885559082 0.0011719058 0.0013670800 2.7481391430 1.0000000000
 2077.9539000 74.897598267 0.0006436583 0.0013817000 0.8098423481 1.0000000000
 2078.4539000 72.932472229 0.0007948761 0.0015439200 0.9674405456 2.0000000000
 2078.9539000 70.664642334 0.0010151791 0.0016324200 1.3959026337 2.0000000000
 2079.4539000 65.626358032 0.0019524150 0.0016247000 5.2172694206 2.0000000000
 2079.9539000 60.306388855 0.0029625460 0.0015333300 13.643689156 2.0000000000
 2080.4539000 69.032493591 0.0024522131 0.0013595701 12.179596901 1.0000000000
 2080.9539000 79.186744690 0.0017872860 0.0012422301 7.8912105560 1.0000000000
 2081.4539000 84.368217468 0.0012508766 0.0011954301 4.2060627937 1.0000000000
 2081.9539000 89.044075012 0.0007275341 0.0013009401 1.1812469959 1.0000000000
 2082.4539000 74.555580139 0.0009130954 0.0015670700 1.2354859114 2.0000000000
 2082.9539000 58.118541718 0.0011707351 0.0015937100 1.9571170807 2.0000000000
 2083.4539000 62.716117859 0.0010566053 0.0013401801 2.3338158131 1.0000000000
 2083.9539000 69.452407837 0.0009046753 0.0012115199 2.1362800598 1.0000000000
 2084.4539000 73.163703918 0.0009323638 0.0012488901 2.1223526001 1.0000000000
 2084.9539000 76.567436218 0.0009783151 0.0012731400 2.2399070263 1.0000000000
 2085.4539000 77.931747437 0.0009172568 0.0012660600 1.9933447838 1.0000000000
 2085.9539000 79.088699341 0.0008453181 0.0012503500 1.7400861979 1.0000000000
 2086.4539000 81.577072144 0.0008013994 0.0012283300 1.6263158321 1.0000000000
 2086.9539000 84.200828552 0.0007603296 0.0012342900 1.4483914375 1.0000000000
 2087.4539000 77.346633911 0.0007434989 0.0012717401 1.2968337536 1.0000000000
 2087.9539000 69.528762817 0.0007291328 0.0013193301 1.1503649950 1.0000000000
 2088.4539000 61.649444580 0.0009689516 0.0013749000 1.8552724123 1.0000000000
 2088.9539000 53.763881683 0.0012346149 0.0013393100 3.1909837723 1.0000000000
 2089.4539000 57.341392517 0.0010595453 0.0012024901 2.9789264202 1.0000000000
 2089.9539000 62.084423065 0.0008396637 0.0011016600 2.2683291435 1.0000000000
 2090.4539000 66.080131531 0.0021537060 0.0010507699 16.559837341 1.0000000000
 2090.9539000 69.999847412 0.0036237116 0.0011371400 39.401851654 1.0000000000
 2091.4539000 69.753601074 0.0030169894 0.0013696500 18.138711929 1.0000000000
 2091.9539000 69.083770752 0.0021991141 0.0014523300 8.4713344574 1.0000000000
 2092.4539000 72.191177368 0.0020292099 0.0013550801 8.4010009766 1.0000000000
 2092.9539000 75.682632446 0.0019251887 0.0012892300 8.4376163483 1.0000000000
 2093.4539000 76.855018616 0.0016097476 0.0012762800 6.0316267014 1.0000000000
 2093.9539000 77.791610718 0.0012728104 0.0014234801 2.9658851624 1.0000000000
 2094.4539000 70.456161499 0.0011462666 0.0017417499 1.5431299210 2.0000000000
 2094.9539000 62.279651642 0.0010411150 0.0018257600 1.1476813555 2.0000000000
 2095.4539000 65.071945190 0.0012489919 0.0016343001 2.1076052189 2.0000000000
 2095.9539000 68.979507446 0.0014886963 0.0014585800 3.8456137180 1.0000000000
 2096.4539000 74.164489746 0.0011609866 0.0013282099 2.8738737106 1.0000000000
 2096.9539000 79.479354858 0.0007755846 0.0012538099 1.4559572935 1.0000000000
 2097.4539000 75.835502625 0.0006649765 0.0012364400 1.1036514044 1.0000000000
 2097.9539000 71.280769348 0.0005823084 0.0012417400 0.8383756280 1.0000000000
 2098.4539000 73.505119324 0.0005829593 0.0012662201 0.8049265742 1.0000000000
 2098.9539000 76.418731689 0.0005920817 0.0012702601 0.8245168328 1.0000000000
 2099.4539000 79.076293945 0.0006552668 0.0012498300 1.0465602875 1.0000000000
 2099.9539000 81.707817078 0.0007239486 0.0012376000 1.3053857088 1.0000000000
 2100.4539000 81.916152954 0.0006613645 0.0012368601 1.0908789635 1.0000000000
 2100.9539000 81.878105164 0.0005854338 0.0013339301 0.7238737941 1.0000000000
 2101.4539000 70.885993958 0.0009381732 0.0015375700 1.3599697351 2.0000000000
 2101.9539000 58.780113220 0.0013344982 0.0015351300 2.7613193989 2.0000000000
 2102.4539000 73.789665222 0.0012174288 0.0012948300 3.3420975208 1.0000000000
 2102.9539000 91.556205750 0.0010481599 0.0011776700 3.0521309376 1.0000000000
 2103.4539000 80.584938049 0.0012792626 0.0012203499 4.2039136887 1.0000000000
 2103.9539000 66.691734314 0.0015510734 0.0012611800 5.7485074997 1.0000000000
 2104.4539000 69.771522522 0.0018717401 0.0012837499 8.0507087708 1.0000000000
 2104.9539000 74.577049255 0.0021973741 0.0012683100 11.394941330 1.0000000000
 2105.4539000 81.251701355 0.0013386023 0.0012128500 4.6658153534 1.0000000000
 2105.9539000 88.116401672 0.0003594049 0.0012119299 0.3369127214 1.0000000000
 2106.4539000 81.872711182 0.0006979778 0.0012751800 1.1361246109 1.0000000000
 2106.9539000 74.296203613 0.0011705363 0.0013381300 2.8739120960 1.0000000000
 2107.4539000 72.362678528 0.0022865671 0.0013942500 10.018864632 1.0000000000
 2107.9539000 71.002914429 0.0034680241 0.0013671400 24.064434052 1.0000000000
 2108.4539000 79.184898376 0.0021165581 0.0012490300 10.934529305 1.0000000000
 2108.9539000 88.337051392 0.0005075549 0.0011616601 0.7375511527 1.0000000000
 2109.4539000 82.158599854 0.0005511393 0.0011174199 0.9472108483 1.0000000000
 2109.9539000 74.421386719 0.0007627519 0.0011477299 1.7104849815 1.0000000000
 2110.4539000 67.803588867 0.0013006252 0.0012557601 4.0804643631 1.0000000000
 2110.9539000 61.299613953 0.0018716713 0.0012906200 7.9561457634 1.0000000000
 2111.4539000 59.566177368 0.0013898689 0.0012369801 4.8167014122 1.0000000000
 2111.9539000 58.317790985 0.0008010168 0.0012231300 1.6399983168 1.0000000000
 2112.4539000 64.583885193 0.0008330031 0.0012621300 1.6552526951 1.0000000000
 2112.9539000 71.614013672 0.0009281138 0.0012845800 1.9766416550 1.0000000000
 2113.4539000 74.286979675 0.0010972184 0.0012834300 2.7680077553 1.0000000000
 2113.9539000 76.516921997 0.0012738461 0.0012727199 3.8003332615 1.0000000000
 2114.4539000 78.785362244 0.0013832033 0.0012538900 4.6302161217 1.0000000000
 2114.9539000 81.057716370 0.0014857206 0.0012287500 5.5854034424 1.0000000000
 2115.4539000 84.621574402 0.0011581049 0.0011974700 3.5918116570 1.0000000000
 2115.9539000 88.316757202 0.0007867549 0.0011819999 1.7057703733 1.0000000000
 2116.4539000 88.211364746 0.0007335980 0.0011845700 1.4759874344 1.0000000000
 2116.9539000 87.719543457 0.0007127937 0.0011981301 1.3589984179 1.0000000000
 2117.4539000 85.064765930 0.0005254290 0.0012219599 0.7071357369 1.0000000000
 2117.9539000 82.190071106 0.0003211292 0.0012523601 0.2502392232 1.0000000000
 2118.4539000 76.021804810 0.0004991536 0.0012889799 0.5674490333 1.0000000000
 2118.9539000 69.518669128 0.0007160510 0.0012478100 1.2541842461 1.0000000000
 2119.4539000 67.093780518 0.0026264677 0.0011203201 21.389049530 1.0000000000
 2119.9539000 65.083549500 0.0047090747 0.0010696900 76.120864868 1.0000000000
 2120.4539000 77.556945801 0.0028680849 0.0011125200 25.900419235 1.0000000000
 2120.9539000 91.502975464 0.0006281604 0.0011738699 1.1040205956 1.0000000000
 2121.4539000 85.072395325 0.0005423883 0.0012461400 0.7217280865 1.0000000000
 2121.9539000 76.570007324 0.0006756415 0.0013488000 0.9409096837 1.0000000000
 2122.4539000 67.511695862 0.0014283470 0.0014838501 3.4088616371 1.0000000000
 2122.9539000 58.396865845 0.0022440359 0.0015908501 7.2189702988 2.0000000000
 2123.4539000 63.536979675 0.0015832024 0.0016636499 3.2563912868 2.0000000000
 2123.9539000 70.126480103 0.0007722422 0.0016489699 0.7900217175 2.0000000000
 2124.4539000 66.235748291 0.0009706693 0.0015414000 1.4478673935 2.0000000000
 2124.9539000 61.279438019 0.0012717266 0.0014094800 3.0259230137 1.0000000000
 2125.4539000 73.868209839 0.0008925718 0.0012601600 1.9069958925 1.0000000000
 2125.9539000 88.240898132 0.0004442557 0.0012708899 0.4636909366 1.0000000000
 2126.4539000 80.559226990 0.0004876260 0.0014597200 0.4118894935 1.0000000000
 2126.9539000 70.635162354 0.0005809890 0.0014939400 0.5556519628 1.0000000000
 2127.4539000 70.163124084 0.0006766578 0.0013397400 0.9578400254 1.0000000000
 2127.9539000 70.652130127 0.0007725611 0.0012590501 1.4314329624 1.0000000000
 2128.4539000 72.691345215 0.0005665710 0.0012785200 0.7443069816 1.0000000000
 2128.9539000 74.888183594 0.0003298856 0.0013487301 0.2243322134 1.0000000000
 2129.4539000 71.660186768 0.0006216381 0.0014646500 0.6644476056 1.0000000000
 2129.9539000 67.880607605 0.0009671199 0.0014637600 1.6103746891 1.0000000000
 2130.4539000 73.741493225 0.0010285589 0.0013295300 2.2507250309 1.0000000000
 2130.9539000 80.582580566 0.0010611175 0.0012696501 2.6510753632 1.0000000000
 2131.4539000 76.368103027 0.0013229160 0.0013052200 3.8775765896 1.0000000000
 2131.9539000 71.029541016 0.0016080225 0.0012737099 6.0454559326 1.0000000000
 2132.4539000 83.644142151 0.0010680071 0.0011586200 3.2845661640 1.0000000000
 2132.9539000 98.084144592 0.0004440967 0.0011451900 0.5826725960 1.0000000000
 2133.4539000 87.688842773 0.0005245676 0.0012522299 0.6678792834 1.0000000000
 2133.9539000 74.768386841 0.0006766570 0.0013833600 0.8926469088 1.0000000000
 2134.4539000 67.257202148 0.0009432123 0.0015287800 1.3920663595 2.0000000000
 2134.9539000 60.296001434 0.0012214059 0.0015631799 2.2227997780 2.0000000000
 2135.4539000 64.654533386 0.0016288331 0.0014737999 4.4997501373 1.0000000000
 2135.9539000 70.164009094 0.0020494000 0.0014159899 7.7789521217 1.0000000000
 2136.4539000 67.370529175 0.0034939502 0.0014055399 22.981502533 1.0000000000
 2136.9539000 63.732830048 0.0050426149 0.0013652800 51.029792786 1.0000000000
 2137.4539000 71.672309875 0.0030917544 0.0012873700 21.830442429 1.0000000000
 2137.9539000 80.788909912 0.0007850772 0.0012965100 1.3858549595 1.0000000000
 2138.4539000 77.145271301 0.0009223523 0.0014053801 1.6019438505 1.0000000000
 2138.9539000 72.204216003 0.0013081185 0.0014178001 3.1603934765 1.0000000000
 2139.4539000 75.881835938 0.0010180394 0.0013138001 2.2634179592 1.0000000000
 2139.9539000 80.435768127 0.0006592431 0.0013009601 0.9698631167 1.0000000000
 2140.4539000 77.621299744 0.0010445581 0.0014003600 2.0707986355 1.0000000000
 2140.9539000 74.057640076 0.0015055315 0.0013964900 4.3280916214 1.0000000000
 2141.4539000 80.214904785 0.0011032511 0.0012674000 2.8769917488 1.0000000000
 2141.9539000 87.360557556 0.0006131987 0.0011799900 1.0400881767 1.0000000000
 2142.4539000 72.828811646 0.0008767814 0.0011512400 2.2450075150 1.0000000000
 2142.9539000 56.092994690 0.0012169905 0.0011500700 4.3349189758 1.0000000000
 2143.4539000 69.509300232 0.0025643762 0.0011733500 18.417165756 1.0000000000
 2143.9539000 85.991348267 0.0040141675 0.0012071700 42.393615723 1.0000000000
 2144.4539000 82.899116516 0.0027232894 0.0012501299 18.067010880 1.0000000000
 2144.9539000 77.816650391 0.0011537515 0.0012637200 3.1665961742 1.0000000000
 2145.4539000 79.746673584 0.0007428582 0.0012440101 1.3589367867 1.0000000000
 2145.9539000 82.389701843 0.0004497710 0.0012457400 0.4966410398 1.0000000000
 2146.4539000 79.344329834 0.0006928330 0.0012744699 1.1208102703 1.0000000000
 2146.9539000 75.720596313 0.0009904085 0.0012911400 2.2258062363 1.0000000000
 2147.4539000 75.476425171 0.0008552012 0.0012917700 1.6577887535 1.0000000000
 2147.9539000 75.575874329 0.0006759903 0.0013866000 0.8863154650 1.0000000000
 2148.4539000 68.532699585 0.0008512993 0.0015868500 1.0446856022 2.0000000000
 2148.9539000 60.763290405 0.0010626547 0.0015902400 1.6201916933 2.0000000000
 2149.4539000 70.810089111 0.0011608496 0.0013660300 2.7010922432 1.0000000000
 2149.9539000 82.668373108 0.0012475390 0.0012423500 3.8438951969 1.0000000000
 2150.4539000 81.384849548 0.0009389167 0.0012525700 2.1384038925 1.0000000000
 2150.9539000 78.765121460 0.0005901007 0.0013116100 0.7632763386 1.0000000000
 2151.4539000 71.500205994 0.0034122847 0.0014108000 21.740348816 1.0000000000
 2151.9539000 63.762989044 0.0065568825 0.0015201400 68.116279602 2.0000000000
 2152.4539000 60.569747925 0.0040961844 0.0016365800 22.599409103 2.0000000000
 2152.9539000 57.838520050 0.0010655620 0.0015961000 1.6159399748 2.0000000000
 2153.4539000 68.151336670 0.0009902649 0.0013820400 1.9158321619 1.0000000000
 2153.9539000 79.790420532 0.0012154533 0.0012865900 3.3783771992 1.0000000000
 2154.4539000 71.600059509 0.0033277057 0.0013394600 23.176313400 1.0000000000
 2154.9539000 61.393520355 0.0056318277  -999.250000  -999.250000  -999.250000
 2155.4539000  -999.250000  -999.250000  -999.250000  -999.250000  -999.250000
