# LAS format log file from PETREL
# Project units are specified as depth units
#==================================================================
~Version information
VERS.   2.0:
WRAP.   NO:
#==================================================================
~Well
STRT .m      1886.7556000 :
STOP .m      2472.2556000 :
STEP .m     0.50000000 :
NULL .        -999.250000 :
COMP.           : COMPANY
WELL.  B8   : WELL
FLD.            : FIELD
LOC.            : LOCATION
SRVC.           : SERVICE COMPANY
DATE.  2024-10-09 18:20:25   : Log Export Date {yyyy-MM-dd HH:mm:ss}
PROV.           : PROVINCE
UWI.      : UNIQUE WELL ID
API.            : API NUMBER
#==================================================================
~Curve
DEPT .m                   : DEPTH
Gamma .gAPI               : Gamma
Perm .mD                  : Perm
Porosity .m3/m3           : Porosity
Resistivity .ohm.m        : Resistivity
LITH ._                   : LITH
~Parameter
#==================================================================
~Ascii
 1886.7556000  -999.250000  -999.250000  -999.250000  -999.250000  -999.250000
 1887.2556000 45.117382050 0.0061598793 0.0029662000 13.813490868 3.0000000000
 1887.7556000 53.040325165 0.0043171807 0.0028180098 7.5949854851 3.0000000000
 1888.2556000 57.917137146 0.0032113988 0.0027829502 4.3199281693 3.0000000000
 1888.7556000 59.882324219 0.0028099969 0.0027523700 3.3888840675 3.0000000000
 1889.2556000 59.038276672 0.0026958843 0.0026224700 3.4692797661 3.0000000000
 1889.7556000 55.509033203 0.0028563756 0.0025743600 4.0565629005 3.0000000000
 1890.2556000 52.492397308 0.0026753366 0.0027811399 3.0023865700 3.0000000000
 1890.7556000 49.965740204 0.0021678468 0.0030594401 1.5982506275 3.0000000000
 1891.2556000 49.335575104 0.0027424395 0.0032339599 2.2639036179 3.0000000000
 1891.7556000 50.518165588 0.0043513351 0.0032535400 5.6242098808 3.0000000000
 1892.2556000 51.843093872 0.0044602985 0.0030692699 6.7181649208 3.0000000000
 1892.7556000 53.304080963 0.0031355608 0.0028754401 3.8324892521 3.0000000000
 1893.2556000 52.126380920 0.0027490342 0.0028577200 2.9861869812 3.0000000000
 1893.7556000 48.426509857 0.0032592919 0.0028568101 4.2005629539 3.0000000000
 1894.2556000 51.058673859 0.0030635404 0.0027204100 4.1328687668 3.0000000000
 1894.7556000 59.743286133 0.0021929531 0.0026286000 2.2838354111 3.0000000000
 1895.2556000 59.982795715 0.0020105308 0.0027534899 1.7333161831 3.0000000000
 1895.7556000 52.150100708 0.0024858867 0.0028869300 2.3878271580 3.0000000000
 1896.2556000 45.787509918 0.0028339669 0.0028299701 3.2424216270 3.0000000000
 1896.7556000 40.830104828 0.0030603919 0.0027670900 3.9728562832 3.0000000000
 1897.2556000 39.594429016 0.0029265594 0.0028746398 3.3406512737 3.0000000000
 1897.7556000 41.916141510 0.0024483777 0.0029900598 2.1441793442 3.0000000000
 1898.2556000 41.910713196 0.0030119272 0.0029579601 3.3228127956 3.0000000000
 1898.7556000 39.680900574 0.0045712106 0.0028665799 8.2009000778 3.0000000000
 1899.2556000 40.173107147 0.0044562006 0.0028002798 8.2051467896 3.0000000000
 1899.7556000 43.267143250 0.0027408267 0.0028181402 3.0608739853 3.0000000000
 1900.2556000 45.784763336 0.0027300143 0.0029766499 2.6923329830 3.0000000000
 1900.7556000 47.751415253 0.0043484983 0.0031101098 6.2025747299 3.0000000000
 1901.2556000 48.592678070 0.0056381905 0.0030601702 10.805358887 3.0000000000
 1901.7556000 48.358238220 0.0066136075 0.0029520500 16.091802597 3.0000000000
 1902.2556000 48.832717896 0.0065083886 0.0029054498 16.139032364 3.0000000000
 1902.7556000 49.984809875 0.0053702458 0.0029139400 10.917695999 3.0000000000
 1903.2556000 50.002868652 0.0049450481 0.0029713800 8.8681497574 3.0000000000
 1903.7556000 48.936969757 0.0052013127 0.0030054599 9.5680150986 3.0000000000
 1904.2556000 47.096294403 0.0053504487 0.0029471002 10.570891380 3.0000000000
 1904.7556000 44.515052795 0.0053971857 0.0028235901 11.818737984 3.0000000000
 1905.2556000 45.357929230 0.0049338462 0.0026610401 11.252735138 3.0000000000
 1905.7556000 49.473739624 0.0039829551 0.0026538300 7.3771739006 3.0000000000
 1906.2556000 49.612579346 0.0041674124 0.0029877000 6.2228822708 3.0000000000
 1906.7556000 45.950061798 0.0054370854 0.0032886402 8.5762281418 3.0000000000
 1907.2556000 42.943714142 0.0058129439 0.0031990998 10.416723251 3.0000000000
 1907.7556000 40.564567566 0.0053344532 0.0029623602 10.389066696 3.0000000000
 1908.2556000 50.206935883 0.0039909361 0.0028109401 6.5264353752 3.0000000000
 1908.7556000 71.340011597 0.0018205887 0.0027483299 1.4271584749 3.0000000000
 1909.2556000 82.083663940 0.0007809517 0.0027778400 0.2565029860 3.0000000000
 1909.7556000 82.896644592 0.0008220988 0.0028347701 0.2718370855 3.0000000000
 1910.2556000 79.894836426 0.0014356386 0.0028573000 0.8146806955 3.0000000000
 1910.7556000 73.246681213 0.0025962968 0.0028124601 2.7587902546 3.0000000000
 1911.2556000 74.110710144 0.0024432996 0.0026687700 2.7420094013 3.0000000000
 1911.7556000 82.155212402 0.0010346505 0.0025352300 0.5504896045 3.0000000000
 1912.2556000 87.338859558 0.0003692081 0.0025160301 0.0712799802 3.0000000000
 1912.7556000 89.787956238 0.0004141557 0.0025641201 0.0860325471 3.0000000000
 1913.2556000 88.559173584 0.0005445962 0.0026344999 0.1401564777 3.0000000000
 1913.7556000 83.814918518 0.0007567546 0.0026715898 0.2624318898 3.0000000000
 1914.2556000 81.138267517 0.0009075169 0.0026222200 0.3932216167 3.0000000000
 1914.7556000 80.437927246 0.0009995942 0.0025907001 0.4899252057 3.0000000000
 1915.2556000 80.498611450 0.0013219578 0.0026767799 0.7974203825 3.0000000000
 1915.7556000 81.286727905 0.0018644395 0.0027502999 1.4943779707 3.0000000000
 1916.2556000 83.639060974 0.0017197862 0.0026868701 1.3384627104 3.0000000000
 1916.7556000 87.486534119 0.0009183385 0.0026079898 0.4075047374 3.0000000000
 1917.2556000 87.335845947 0.0005978526 0.0026297399 0.1695821136 3.0000000000
 1917.7556000 83.363525391 0.0007370912 0.0026960999 0.2440187782 3.0000000000
 1918.2556000 81.075149536 0.0007439032 0.0027535099 0.2372915447 3.0000000000
 1918.7556000 80.396369934 0.0006241357 0.0027915800 0.1620644629 3.0000000000
 1919.2556000 79.380119324 0.0006183152 0.0028003401 0.1579632759 3.0000000000
 1919.7556000 78.041297913 0.0007214103 0.0027868701 0.2173240781 3.0000000000
 1920.2556000 78.551643372 0.0008126766 0.0027579002 0.2822036743 3.0000000000
 1920.7556000 80.829498291 0.0008926362 0.0027147499 0.3524872661 3.0000000000
 1921.2556000 80.397033691 0.0009750883 0.0026586100 0.4404004216 3.0000000000
 1921.7556000 77.373908997 0.0010599227 0.0026052000 0.5441241860 3.0000000000
 1922.2556000 76.409469604 0.0011375404 0.0025695402 0.6460286379 3.0000000000
 1922.7556000 77.412811279 0.0012082595 0.0025706198 0.7281773686 3.0000000000
 1923.2556000 82.032424927 0.0009870707 0.0026266300 0.4634671509 3.0000000000
 1923.7556000 90.108619690 0.0004868632 0.0026653600 0.1091819927 3.0000000000
 1924.2556000 90.093772888 0.0004079516 0.0026177601 0.0797575116 3.0000000000
 1924.7556000 82.345130920 0.0007317335 0.0025629802 0.2688229680 3.0000000000
 1925.2556000 79.615913391 0.0008946395 0.0025766599 0.3971646130 3.0000000000
 1925.7556000 81.684471130 0.0009037729 0.0026390401 0.3845364451 3.0000000000
 1926.2556000 83.575538635 0.0008257798 0.0027312601 0.2976663709 3.0000000000
 1926.7556000 85.296951294 0.0006645070 0.0028003601 0.1824435741 3.0000000000
 1927.2556000 82.914077759 0.0007516127 0.0027956900 0.2342676967 3.0000000000
 1927.7556000 76.608131409 0.0010761297 0.0027987300 0.4790877104 3.0000000000
 1928.2556000 73.780769348 0.0012624395 0.0028873598 0.6156291366 3.0000000000
 1928.7556000 74.278381348 0.0013166446 0.0029318100 0.6474978328 3.0000000000
 1929.2556000 74.141540527 0.0012984441 0.0028080698 0.6923874021 3.0000000000
 1929.7556000 73.398269653 0.0012110344 0.0026625800 0.6770910621 3.0000000000
 1930.2556000 75.392150879 0.0009242116 0.0026353402 0.4033686221 3.0000000000
 1930.7556000 80.002342224 0.0004467808 0.0026602501 0.0923335478 3.0000000000
 1931.2556000 82.540039063 0.0002519863 0.0026741298 0.0290370546 3.0000000000
 1931.7556000 83.096763611 0.0003273484 0.0026499000 0.0499937385 3.0000000000
 1932.2556000 85.292327881 0.0003792036 0.0025616800 0.0722753480 3.0000000000
 1932.7556000 89.054359436 0.0004085899 0.0025043900 0.0881923586 3.0000000000
 1933.2556000 91.094329834 0.0003949559 0.0025687302 0.0779321343 3.0000000000
 1933.7556000 91.488281250 0.0003402012 0.0026034701 0.0561378822 3.0000000000
 1934.2556000 89.458839417 0.0003597804 0.0024640600 0.0708666965 3.0000000000
 1934.7556000 85.113006592 0.0004504112 0.0023242999 0.1262919307 3.0000000000
 1935.2556000 81.819137573 0.0011830819 0.0023503201 0.8502569199 3.0000000000
 1935.7556000 79.530776978 0.0025294435 0.0024579100 3.5221254826 3.0000000000
 1936.2556000 79.942855835 0.0026844728 0.0025665900 3.6068968773 3.0000000000
 1936.7556000 82.936126709 0.0017007745 0.0026589001 1.3395195007 3.0000000000
 1937.2556000 85.030822754 0.0010568122 0.0027181399 0.4927171767 3.0000000000
 1937.7556000 86.266616821 0.0007375847 0.0027588799 0.2322799265 3.0000000000
 1938.2556000 86.223434448 0.0007144439 0.0027950299 0.2117805481 3.0000000000
 1938.7556000 84.957748413 0.0009743163 0.0027814100 0.3981226385 3.0000000000
 1939.2556000 85.342735291 0.0010821350 0.0026747901 0.5352116227 3.0000000000
 1939.7556000 87.305511475 0.0010446141 0.0025565499 0.5508995056 3.0000000000
 1940.2556000 87.352386475 0.0008947171 0.0025044598 0.4228638411 3.0000000000
 1940.7556000 85.567970276 0.0006374057 0.0025370698 0.2085934132 3.0000000000
 1941.2556000 83.769050598 0.0006119270 0.0026721298 0.1715191305 3.0000000000
 1941.7556000 81.956268311 0.0008080440 0.0028122601 0.2672686577 3.0000000000
 1942.2556000 82.213203430 0.0008418927 0.0028643701 0.2786437869 3.0000000000
 1942.7556000 84.448455811 0.0007206379 0.0028508799 0.2062911391 3.0000000000
 1943.2556000 84.437171936 0.0006015826 0.0027932199 0.1503693163 3.0000000000
 1943.7556000 82.278533936 0.0004846296 0.0027325801 0.1024140343 3.0000000000
 1944.2556000 79.541053772 0.0006919619 0.0027083298 0.2129222006 3.0000000000
 1944.7556000 76.250289917 0.0012092605 0.0026716399 0.6700826287 3.0000000000
 1945.2556000 78.762153625 0.0012305751 0.0025758699 0.7519407868 3.0000000000
 1945.7556000 86.820434570 0.0007778062 0.0025281899 0.3130123019 3.0000000000
 1946.2556000 88.059120178 0.0005226241 0.0026310300 0.1294500232 3.0000000000
 1946.7556000 82.779335022 0.0004563045 0.0027202200 0.0917023718 3.0000000000
 1947.2556000 80.764381409 0.0005316162 0.0026388101 0.1330756098 3.0000000000
 1947.7556000 81.870101929 0.0007423054 0.0025503901 0.2796602249 3.0000000000
 1948.2556000 82.900596619 0.0007465110 0.0026113200 0.2685222328 3.0000000000
 1948.7556000 83.859184265 0.0005533507 0.0027228999 0.1345647126 3.0000000000
 1949.2556000 79.760139465 0.0018214898 0.0027907600 1.3812235594 3.0000000000
 1949.7556000 70.826797485 0.0044864044 0.0028124300 8.2379093170 3.0000000000
 1950.2556000 71.487159729 0.0045611211 0.0027855700 8.6962547302 3.0000000000
 1950.7556000 81.317634583 0.0021600090 0.0027170300 2.0601713657 3.0000000000
 1951.2556000 86.062721252 0.0010668284 0.0026133799 0.5474488139 3.0000000000
 1951.7556000 85.946975708 0.0012238272 0.0025397900 0.7671583891 3.0000000000
 1952.2556000 84.238044739 0.0012465955 0.0025585401 0.7831919789 3.0000000000
 1952.7556000 81.006263733 0.0011410608 0.0026208800 0.6223488450 3.0000000000
 1953.2556000 77.901794434 0.0010626932 0.0026801899 0.5138679743 3.0000000000
 1953.7556000 74.919006348 0.0010102933 0.0027468300 0.4400124848 3.0000000000
 1954.2556000 74.393310547 0.0008961560 0.0028306902 0.3240440786 3.0000000000
 1954.7556000 76.216209412 0.0007230074 0.0028633000 0.2056735158 3.0000000000
 1955.2556000 79.454353333 0.0007404550 0.0027791900 0.2303441763 3.0000000000
 1955.7556000 84.045265198 0.0009400831 0.0025955099 0.4315613508 3.0000000000
 1956.2556000 86.213027954 0.0009530247 0.0023286999 0.5630650520 3.0000000000
 1956.7556000 86.064651489 0.0007875230 0.0021353399 0.4652635753 2.0000000000
 1957.2556000 87.599258423 0.0006126554 0.0021651401 0.2731261849 2.0000000000
 1957.7556000 90.742538452 0.0004288353 0.0023288000 0.1139961779 3.0000000000
 1958.2556000 88.624580383 0.0005028468 0.0025409800 0.1293804348 3.0000000000
 1958.7556000 81.477684021 0.0008233053 0.0027018201 0.3030244410 3.0000000000
 1959.2556000 78.921974182 0.0011426953 0.0027158600 0.5771180391 3.0000000000
 1959.7556000 80.754730225 0.0014610640 0.0026912901 0.9625545144 3.0000000000
 1960.2556000 77.522331238 0.0014114114 0.0027315500 0.8693749309 3.0000000000
 1960.7556000 69.448432922 0.0010099878 0.0028026802 0.4206979871 3.0000000000
 1961.2556000 69.869003296 0.0009092457 0.0028722500 0.3230528831 3.0000000000
 1961.7556000 78.408981323 0.0010959090 0.0028581701 0.4744115770 3.0000000000
 1962.2556000 80.354515076 0.0011566194 0.0026819599 0.6078352928 3.0000000000
 1962.7556000 75.996788025 0.0010969384 0.0025318700 0.6205736995 3.0000000000
 1963.2556000 73.868118286 0.0010383731 0.0025878600 0.5299527645 3.0000000000
 1963.7556000 73.870079041 0.0009808745 0.0026856801 0.4358203411 3.0000000000
 1964.2556000 77.351745605 0.0009051829 0.0026683901 0.3764646053 3.0000000000
 1964.7556000 84.159469604 0.0008121015 0.0025987299 0.3211782575 3.0000000000
 1965.2556000 85.900283813 0.0006859208 0.0025366701 0.2416390926 3.0000000000
 1965.7556000 82.797920227 0.0005281021 0.0025405700 0.1427536458 3.0000000000
 1966.2556000 82.287780762 0.0004181121 0.0026661800 0.0804690048 3.0000000000
 1966.7556000 84.255424500 0.0003538388 0.0027613500 0.0533511527 3.0000000000
 1967.2556000 90.506629944 0.0003119530 0.0026805999 0.0442657731 3.0000000000
 1967.7556000 100.85227203 0.0002914660 0.0025362300 0.0436476544 3.0000000000
 1968.2556000 107.50737762 0.0002601180 0.0024355901 0.0380024426 3.0000000000
 1968.7556000 110.63491821 0.0002183885 0.0023736099 0.0283503942 3.0000000000
 1969.2556000 111.08168793 0.0002281986 0.0023454300 0.0317787193 3.0000000000
 1969.7556000 108.96605682 0.0002872724 0.0023834601 0.0486105569 3.0000000000
 1970.2556000 106.86798096 0.0002962483 0.0025187100 0.0457846448 3.0000000000
 1970.7556000 104.78669739 0.0002573385 0.0026467901 0.0309760813 3.0000000000
 1971.2556000 106.38466644 0.0002471604 0.0026679200 0.0280787423 3.0000000000
 1971.7556000 111.49945068 0.0002644456 0.0026100501 0.0337322466 3.0000000000
 1972.2556000 108.73148346 0.0002996791 0.0024999001 0.0476302616 3.0000000000
 1972.7556000 98.428825378 0.0003520683 0.0024378200 0.0694784671 3.0000000000
 1973.2556000 95.310218811 0.0003767979 0.0025197000 0.0740030408 3.0000000000
 1973.7556000 99.058448792 0.0003750893 0.0026106101 0.0678323582 3.0000000000
 1974.2556000 99.969535828 0.0004318415 0.0025816199 0.0921479389 3.0000000000
 1974.7556000 98.168746948 0.0005444729 0.0025484201 0.1507149637 3.0000000000
 1975.2556000 99.594024658 0.0005381567 0.0026216200 0.1383451819 3.0000000000
 1975.7556000 104.10292816 0.0004181446 0.0026500402 0.0815638229 3.0000000000
 1976.2556000 106.19087982 0.0003365465 0.0024891801 0.0606409907 3.0000000000
 1976.7556000 105.96479034 0.0002916662 0.0023145799 0.0534482263 3.0000000000
 1977.2556000 104.94345856 0.0003197424 0.0022940000 0.0655080751 3.0000000000
 1977.7556000 103.16198730 0.0004175537 0.0023105701 0.1099619642 3.0000000000
 1978.2556000 102.43628693 0.0004112358 0.0022525499 0.1127971411 3.0000000000
 1978.7556000 102.71974945 0.0003053864 0.0021986598 0.0656072423 2.0000000000
 1979.2556000 103.19888306 0.0002263753 0.0022241599 0.0351473838 3.0000000000
 1979.7556000 103.86505127 0.0001730175 0.0023020499 0.0190339014 3.0000000000
 1980.2556000 104.42167664 0.0001667538 0.0024065401 0.0160356592 3.0000000000
 1980.7556000 104.87361908 0.0002055048 0.0025156599 0.0220907163 3.0000000000
 1981.2556000 105.45680237 0.0002594808 0.0026084001 0.0325227343 3.0000000000
 1981.7556000 106.16542053 0.0003280095 0.0026144702 0.0517045297 3.0000000000
 1982.2556000 106.93325806 0.0003131652 0.0024666700 0.0535676479 3.0000000000
 1982.7556000 107.75769806 0.0002186293 0.0022973900 0.0305281263 3.0000000000
 1983.2556000 105.41945648 0.0002419202 0.0022331800 0.0397843346 3.0000000000
 1983.7556000 100.05818176 0.0003778354 0.0022370601 0.0966750681 3.0000000000
 1984.2556000 98.448417664 0.0004320386 0.0022736699 0.1219676808 3.0000000000
 1984.7556000 100.42452240 0.0004081377 0.0023470300 0.1015014797 3.0000000000
 1985.2556000 101.14510345 0.0003263757 0.0024609400 0.0584807917 3.0000000000
 1985.7556000 100.66558075 0.0001893075 0.0025110401 0.0188216399 3.0000000000
 1986.2556000 100.30535126 0.0001497432 0.0023975801 0.0130374702 3.0000000000
 1986.7556000 100.05912018 0.0002033776 0.0022376401 0.0279941764 3.0000000000
 1987.2556000 101.61859894 0.0002533453 0.0021431299 0.0477660224 2.0000000000
 1987.7556000 104.90403748 0.0002998084 0.0021312600 0.0677153841 2.0000000000
 1988.2556000 106.25254822 0.0002978542 0.0022184900 0.0611900985 3.0000000000
 1988.7556000 105.74964142 0.0002496209 0.0023240300 0.0387998521 3.0000000000
 1989.2556000 103.40982056 0.0002188371 0.0023707000 0.0285439007 3.0000000000
 1989.7556000 99.314186096 0.0002047323 0.0023918799 0.0244988650 3.0000000000
 1990.2556000 96.909606934 0.0003064705 0.0024195001 0.0535279959 3.0000000000
 1990.7556000 96.121421814 0.0005189367 0.0024571700 0.1483444571 3.0000000000
 1991.2556000 96.517288208 0.0006048336 0.0025083602 0.1925812662 3.0000000000
 1991.7556000 98.044914246 0.0005697499 0.0025424999 0.1658801585 3.0000000000
 1992.2556000 100.85739899 0.0004529521 0.0025303301 0.1059533879 3.0000000000
 1992.7556000 104.89801025 0.0002580484 0.0024749101 0.0361053422 3.0000000000
 1993.2556000 103.58319092 0.0002266689 0.0023791599 0.0303844847 3.0000000000
 1993.7556000 97.149398804 0.0003515932 0.0023197199 0.0772899166 3.0000000000
 1994.2556000 96.397331238 0.0006098961 0.0023698600 0.2218818516 3.0000000000
 1994.7556000 101.07611847 0.0009956880 0.0024115001 0.5691339970 3.0000000000
 1995.2556000 103.53630066 0.0009355302 0.0023317400 0.5410274863 3.0000000000
 1995.7556000 103.87583160 0.0004491137 0.0022605101 0.1334929913 3.0000000000
 1996.2556000 102.54905701 0.0002240890 0.0023220400 0.0313276350 3.0000000000
 1996.7556000 99.629562378 0.0002489142 0.0024075299 0.0356978253 3.0000000000
 1997.2556000 98.706741333 0.0002309205 0.0024130400 0.0305691138 3.0000000000
 1997.7556000 99.692443848 0.0001719983 0.0023905600 0.0173120648 3.0000000000
 1998.2556000 101.96401215 0.0001328856 0.0023897900 0.0103410520 3.0000000000
 1998.7556000 105.46466827 0.0001127079 0.0024329100 0.0071520670 3.0000000000
 1999.2556000 104.80976105 0.0001412138 0.0025411702 0.0102018788 3.0000000000
 1999.7556000 100.18276215 0.0002162537 0.0023975400 0.0271920618 3.0000000000
 2000.2556000 100.56327820 0.0002031861 0.0019291400 0.0387246609 2.0000000000
 2000.7556000 105.73020172 0.0001059013 0.0016494701 0.0148472069 2.0000000000
 2001.2556000 107.26535034 0.0001005386 0.0016090600 0.0141320974 2.0000000000
 2001.7556000 105.32910919 0.0001830391 0.0015327100 0.0521285497 2.0000000000
 2002.2556000 103.48367310 0.0002468964 0.0013675600 0.1218841597 1.0000000000
 2002.7556000 101.72503662 0.0002929337 0.0012637299 0.2041264176 1.0000000000
 2003.2556000 101.22955322 0.0002884280 0.0013647100 0.1671036184 1.0000000000
 2003.7556000 101.94142914 0.0002356110 0.0015288100 0.0868587345 2.0000000000
 2004.2556000 101.20915985 0.0002834263 0.0016206100 0.1105573475 2.0000000000
 2004.7556000 99.096519470 0.0004274304 0.0016864800 0.2303414345 2.0000000000
 2005.2556000 98.694366455 0.0004407056 0.0017707300 0.2199692130 2.0000000000
 2005.7556000 99.927177429 0.0003290243 0.0018065900 0.1173180267 2.0000000000
 2006.2556000 100.99137878 0.0002327883 0.0017302100 0.0645810142 2.0000000000
 2006.7556000 101.89443207 0.0001513157 0.0016622600 0.0298009515 2.0000000000
 2007.2556000 101.21340179 0.0001493401 0.0017180300 0.0269951336 2.0000000000
 2007.7556000 99.018241882 0.0002233515 0.0017700499 0.0565470196 2.0000000000
 2008.2556000 99.764762878 0.0002771245 0.0016965000 0.0955721587 2.0000000000
 2008.7556000 103.32306671 0.0003115528 0.0015937100 0.1385998875 2.0000000000
 2009.2556000 102.85809326 0.0003051316 0.0015537301 0.1405879706 2.0000000000
 2009.7556000 98.547462463 0.0002596647 0.0015249001 0.1060949862 2.0000000000
 2010.2556000 97.150924683 0.0002798194 0.0014578301 0.1360192597 1.0000000000
 2010.7556000 98.539787292 0.0003626980 0.0014282700 0.2390604466 1.0000000000
 2011.2556000 99.466613770 0.0004520380 0.0015086301 0.3292059898 2.0000000000
 2011.7556000 99.951797485 0.0005475538 0.0016293100 0.4077983499 2.0000000000
 2012.2556000 100.66921997 0.0005017007 0.0017238200 0.3024177551 2.0000000000
 2012.7556000 101.60864258 0.0003207210 0.0017865400 0.1142422333 2.0000000000
 2013.2556000 95.645584106 0.0005730840 0.0018121400 0.3535206616 2.0000000000
 2013.7556000 83.084831238 0.0012396557 0.0017865901 1.7066612244 2.0000000000
 2014.2556000 72.300483704 0.0026052557 0.0016964700 8.4469347000 2.0000000000
 2014.7556000 63.214088440 0.0046390188 0.0016580400 28.167173386 2.0000000000
 2015.2556000 58.660915375 0.0050131660 0.0017824300 28.054124832 2.0000000000
 2015.7556000 58.440795898 0.0038009789 0.0018911900 14.157076836 2.0000000000
 2016.2556000 62.314666748 0.0027439198 0.0018137300 8.0887804031 2.0000000000
 2016.7556000 70.101768494 0.0018351389 0.0017271000 4.0293908119 2.0000000000
 2017.2556000 72.832466125 0.0012997852 0.0018005300 1.8444309235 2.0000000000
 2017.7556000 70.730026245 0.0011213701 0.0019199300 1.1919831038 2.0000000000
 2018.2556000 69.844772339 0.0010208837 0.0019762099 0.9270853996 2.0000000000
 2018.7556000 70.122955322 0.0009948850 0.0019576899 0.8988954425 2.0000000000
 2019.2556000 71.821662903 0.0008883103 0.0018531799 0.8085570931 2.0000000000
 2019.7556000 74.878166199 0.0007047176 0.0017624199 0.5683156848 2.0000000000
 2020.2556000 70.972709656 0.0009285758 0.0017807400 0.9645252824 2.0000000000
 2020.7556000 60.412696838 0.0015418937 0.0018445600 2.4611876011 2.0000000000
 2021.2556000 57.195842743 0.0016919358 0.0018931100 2.7988581657 2.0000000000
 2021.7556000 60.997905731 0.0013991578 0.0019375699 1.8187254667 2.0000000000
 2022.2556000 64.095985413 0.0015394386 0.0019886401 2.0792233944 2.0000000000
 2022.7556000 66.521163940 0.0020936565 0.0019912601 3.8346812725 2.0000000000
 2023.2556000 69.445304871 0.0020874229 0.0018928000 4.2617745399 2.0000000000
 2023.7556000 72.846389771 0.0015454848 0.0018158101 2.5596141815 2.0000000000
 2024.2556000 68.878105164 0.0012148859 0.0018774200 1.4697239399 2.0000000000
 2024.7556000 57.865852356 0.0010862940 0.0019129500 1.1275784969 2.0000000000
 2025.2556000 59.589572906 0.0009046438 0.0017649700 0.9335403442 2.0000000000
 2025.7556000 73.486915588 0.0006722779 0.0016407899 0.6053144932 2.0000000000
 2026.2556000 77.428962708 0.0008715146 0.0017386200 0.8955690265 2.0000000000
 2026.7556000 71.855308533 0.0014832967 0.0018527800 2.2555041313 2.0000000000
 2027.2556000 71.474418640 0.0016547106 0.0017867200 3.0403234959 2.0000000000
 2027.7556000 76.057006836 0.0014052012 0.0016827001 2.5018553734 2.0000000000
 2028.2556000 74.687141418 0.0016944713 0.0016767200 3.6665301323 2.0000000000
 2028.7556000 67.627639771 0.0024987315 0.0017229301 7.5101795197 2.0000000000
 2029.2556000 64.685295105 0.0025938302 0.0017774899 7.5562686920 2.0000000000
 2029.7556000 65.678306580 0.0020110805 0.0017759501 4.5510463715 2.0000000000
 2030.2556000 69.556037903 0.0014333909 0.0016567101 2.6939339638 2.0000000000
 2030.7556000 76.191116333 0.0008605386 0.0015620600 1.1051107645 2.0000000000
 2031.2556000 74.118988037 0.0006295779 0.0016280100 0.5400741696 2.0000000000
 2031.7556000 63.724113464 0.0007254129 0.0017623501 0.6022373438 2.0000000000
 2032.2556000 60.042213440 0.0009549808 0.0018769599 0.9086326361 2.0000000000
 2032.7556000 62.776878357 0.0013123773 0.0019217300 1.6292742491 2.0000000000
 2033.2556000 68.996078491 0.0013221689 0.0018488100 1.8005733490 2.0000000000
 2033.7556000 78.545951843 0.0009997051 0.0017717101 1.1305242777 2.0000000000
 2034.2556000 81.067825317 0.0008369797 0.0017989200 0.7663087845 2.0000000000
 2034.7556000 76.872016907 0.0008269394 0.0018598001 0.6952188611 2.0000000000
 2035.2556000 71.221900940 0.0010542378 0.0018867899 1.0946754217 2.0000000000
 2035.7556000 64.181709290 0.0015083950 0.0018774701 2.2655284405 2.0000000000
 2036.2556000 61.223033905 0.0021311841 0.0018295500 4.7872323990 2.0000000000
 2036.7556000 62.165664673 0.0029151605 0.0018552700 8.6861886978 2.0000000000
 2037.2556000 63.554309845 0.0028663070 0.0020618900 6.6567363739 2.0000000000
 2037.7556000 65.369277954 0.0020213986 0.0021830099 2.9199903011 2.0000000000
 2038.2556000 67.887031555 0.0014592207 0.0019640101 1.9201085567 2.0000000000
 2038.7556000 71.076530457 0.0011672896 0.0016384501 1.8306449652 2.0000000000
 2039.2556000 75.610015869 0.0009562456 0.0014295700 1.6583909988 1.0000000000
 2039.7556000 81.428138733 0.0008225173 0.0014246900 1.2362469435 1.0000000000
 2040.2556000 75.432838440 0.0013515728 0.0017072301 2.2420039177 2.0000000000
 2040.7556000 58.145744324 0.0025141467 0.0020012499 5.4691309929 2.0000000000
 2041.2556000 53.329433441 0.0028428845 0.0020429799 6.6824760437 2.0000000000
 2041.7556000 60.433258057 0.0023746048 0.0019455700 5.1913414001 2.0000000000
 2042.2556000 65.762130737 0.0018525176 0.0018171901 3.6715030670 2.0000000000
 2042.7556000 69.394432068 0.0012789991 0.0017209799 1.9725760221 2.0000000000
 2043.2556000 75.676284790 0.0014021590 0.0017173301 2.3818600178 2.0000000000
 2043.7556000 84.490707397 0.0021912348 0.0017245001 5.7639307976 2.0000000000
 2044.2556000 87.024353027 0.0021584760 0.0016643100 6.0475459099 2.0000000000
 2044.7556000 83.554550171 0.0013401712 0.0016543800 2.3622343540 2.0000000000
 2045.2556000 79.309501648 0.0010774520 0.0018071400 1.2572276592 2.0000000000
 2045.7556000 74.323425293 0.0013457870 0.0019390901 1.6797206402 2.0000000000
 2046.2556000 74.904136658 0.0012048536 0.0018748300 1.4499479532 2.0000000000
 2046.7556000 80.805824280 0.0006727224 0.0017357799 0.5355295539 2.0000000000
 2047.2556000 80.475151062 0.0004569953 0.0016380100 0.2807547450 2.0000000000
 2047.7556000 74.187316895 0.0005437013 0.0016010799 0.4178420901 2.0000000000
 2048.2556000 70.172973633 0.0009233261 0.0016437100 1.1373517513 2.0000000000
 2048.7556000 68.331726074 0.0015829357 0.0017108101 3.0611355305 2.0000000000
 2049.2556000 71.453208923 0.0015691461 0.0017497499 2.8627247810 2.0000000000
 2049.7556000 79.318290710 0.0009116912 0.0017298900 0.9909571409 2.0000000000
 2050.2556000 78.917320251 0.0008938182 0.0016219399 1.0975439548 2.0000000000
 2050.7556000 70.615280151 0.0014872862 0.0015593100 3.3138866425 2.0000000000
 2051.2556000 65.606010437 0.0016514364 0.0016695000 3.5158762932 2.0000000000
 2051.7556000 63.744106293 0.0014052250 0.0018017500 2.1526021957 2.0000000000
 2052.2556000 63.941558838 0.0013670945 0.0018119100 2.0123174191 2.0000000000
 2052.7556000 66.107429504 0.0015278568 0.0017085000 2.8603050709 2.0000000000
 2053.2556000 69.269607544 0.0014263806 0.0014996800 3.3210387230 1.0000000000
 2053.7556000 73.384094238 0.0010742453 0.0013450900 2.3930621147 1.0000000000
 2054.2556000 76.706420898 0.0008458879 0.0013973101 1.3645249605 1.0000000000
 2054.7556000 79.271568298 0.0007358432 0.0015010600 0.8820533752 2.0000000000
 2055.2556000 79.065238953 0.0023257446 0.0015078500 8.7244110107 2.0000000000
 2055.7556000 76.209793091 0.0055405302 0.0015213899 48.548236847 2.0000000000
 2056.2556000 72.603858948 0.0057569402 0.0016408301 44.385746002 2.0000000000
 2056.7556000 68.280578613 0.0031073692 0.0017599800 11.083290100 2.0000000000
 2057.2556000 64.142089844 0.0023010320 0.0017773500 5.9476418495 2.0000000000
 2057.7556000 60.180229187 0.0032565414 0.0017890000 11.742767334 2.0000000000
 2058.2556000 62.677352905 0.0029867268 0.0018867201 8.7868776321 2.0000000000
 2058.7556000 71.348258972 0.0015456940 0.0019629800 2.1569101810 2.0000000000
 2059.2556000 75.197273254 0.0015611338 0.0019149800 2.3233728409 2.0000000000
 2059.7556000 74.437294006 0.0029687360 0.0017718901 9.9674081802 2.0000000000
 2060.2556000 72.829414368 0.0028551039 0.0015615800 12.173137665 2.0000000000
 2060.7556000 70.411071777 0.0012874070 0.0014420900 2.9488217831 1.0000000000
 2061.2556000 70.426910400 0.0006992878 0.0015645199 0.7272328138 2.0000000000
 2061.7556000 72.769462585 0.0010474927 0.0017521899 1.2718135118 2.0000000000
 2062.2556000 72.889083862 0.0012208261 0.0018362600 1.5583047867 2.0000000000
 2062.7556000 70.883941650 0.0012270090 0.0018967501 1.4657950401 2.0000000000
 2063.2556000 68.586547852 0.0015846619 0.0020101801 2.1515738964 2.0000000000
 2063.7556000 66.009796143 0.0022782658 0.0021248301 3.9363660812 2.0000000000
 2064.2556000 60.936546326 0.0033738185 0.0021912700 8.0670070648 2.0000000000
 2064.7556000 53.477020264 0.0048535718 0.0022379800 15.938199997 3.0000000000
 2065.2556000 53.997486115 0.0047207135 0.0022921599 14.304624557 3.0000000000
 2065.7556000 62.145576477 0.0030464462 0.0022437801 6.2435331345 3.0000000000
 2066.2556000 68.816085815 0.0018924860 0.0019876901 3.1455621719 2.0000000000
 2066.7556000 74.074249268 0.0012358578 0.0017137800 1.8588137627 2.0000000000
 2067.2556000 74.827064514 0.0009433672 0.0016035500 1.2536606789 2.0000000000
 2067.7556000 71.273460388 0.0009989354 0.0016203000 1.3739309311 2.0000000000
 2068.2556000 68.152496338 0.0013057329 0.0017289700 2.0350556374 2.0000000000
 2068.7556000 65.445083618 0.0018526664 0.0018681100 3.4554853439 2.0000000000
 2069.2556000 67.320770264 0.0018239499 0.0019789701 2.9502544403 2.0000000000
 2069.7556000 73.577178955 0.0012450011 0.0020281700 1.3022965193 2.0000000000
 2070.2556000 75.545639038 0.0010580777 0.0019837900 0.9875169992 2.0000000000
 2070.7556000 73.415473938 0.0012458696 0.0019008100 1.5041112900 2.0000000000
 2071.2556000 71.417167664 0.0013393684 0.0018317699 1.8857496977 2.0000000000
 2071.7556000 69.544906616 0.0013427380 0.0018424600 1.8711423874 2.0000000000
 2072.2556000 68.182296753 0.0012827312 0.0019956999 1.4323916435 2.0000000000
 2072.7556000 67.306831360 0.0011621460 0.0020949701 1.0566475391 2.0000000000
 2073.2556000 67.963432312 0.0013685327 0.0019524101 1.7110158205 2.0000000000
 2073.7556000 70.084449768 0.0018874534 0.0017914199 3.9329478741 2.0000000000
 2074.2556000 70.420478821 0.0019361188 0.0018255300 3.9701626301 2.0000000000
 2074.7556000 69.050338745 0.0015352939 0.0019080300 2.2651429176 2.0000000000
 2075.2556000 67.294914246 0.0018076294 0.0018987199 3.1739842892 2.0000000000
 2075.7556000 65.171234131 0.0027234019 0.0018700799 7.4495682716 2.0000000000
 2076.2556000 64.986518860 0.0038917237 0.0018914300 14.836976051 2.0000000000
 2076.7556000 66.655151367 0.0053014434 0.0019090299 26.977409363 2.0000000000
 2077.2556000 71.442756653 0.0047460590 0.0018715000 22.586483002 2.0000000000
 2077.7556000 79.211608887 0.0023123412 0.0018351000 5.5982518196 2.0000000000
 2078.2556000 81.455108643 0.0009580466 0.0018536299 0.9399885535 2.0000000000
 2078.7556000 78.417221069 0.0006355129 0.0018369501 0.4219242930 2.0000000000
 2079.2556000 77.895851135 0.0006236739 0.0016989100 0.4825477600 2.0000000000
 2079.7556000 79.779869080 0.0009088109 0.0015649501 1.2275692225 2.0000000000
 2080.2556000 80.255142212 0.0009349386 0.0015549799 1.3175637722 2.0000000000
 2080.7556000 79.383857727 0.0007134940 0.0015684200 0.7529452443 2.0000000000
 2081.2556000 78.268013000 0.0005708879 0.0015091699 0.5246598125 2.0000000000
 2081.7556000 76.918411255 0.0005036396 0.0014908500 0.4194546342 1.0000000000
 2082.2556000 68.882324219 0.0008937066 0.0016220500 1.0971060991 2.0000000000
 2082.7556000 54.455005646 0.0017208960 0.0017673300 3.3682973385 2.0000000000
 2083.2556000 51.724445343 0.0026900002 0.0017971700 7.9324703217 2.0000000000
 2083.7556000 60.174175262 0.0037947532 0.0017426200 16.893558502 2.0000000000
 2084.2556000 67.476036072 0.0047038640 0.0016333701 29.931150436 2.0000000000
 2084.7556000 73.680709839 0.0054259719 0.0015421000 45.196781158 2.0000000000
 2085.2556000 77.018928528 0.0045735342 0.0015382799 32.286876678 2.0000000000
 2085.7556000 77.617263794 0.0022160765 0.0016284400 6.6876206398 2.0000000000
 2086.2556000 75.083641052 0.0015859375 0.0018187900 2.6856567860 2.0000000000
 2086.7556000 69.556358337 0.0026068476 0.0019668899 6.1082267761 2.0000000000
 2087.2556000 69.259407043 0.0025467437 0.0019366001 6.0322957039 2.0000000000
 2087.7556000 73.961837769 0.0014533576 0.0018313400 2.2215352058 2.0000000000
 2088.2556000 74.693161011 0.0011054506 0.0017499500 1.4204378128 2.0000000000
 2088.7556000 71.628723145 0.0014701055 0.0016721600 2.7764239311 2.0000000000
 2089.2556000 71.423347473 0.0015415605 0.0015786301 3.4650087357 2.0000000000
 2089.7556000 73.950790405 0.0013327617 0.0015472200 2.7070136070 2.0000000000
 2090.2556000 73.625427246 0.0011666733 0.0016523901 1.7949435711 2.0000000000
 2090.7556000 70.573219299 0.0010414084 0.0018355299 1.1349244118 2.0000000000
 2091.2556000 68.650428772 0.0009500436 0.0020406500 0.7481631041 2.0000000000
 2091.7556000 67.807182312 0.0008910816 0.0021740398 0.5725936294 2.0000000000
 2092.2556000 64.389122009 0.0010390736 0.0021460999 0.8010557294 2.0000000000
 2092.7556000 58.509948730 0.0013848814 0.0020503600 1.5732543468 2.0000000000
 2093.2556000 59.053356171 0.0017352893 0.0019762099 2.6786196232 2.0000000000
 2093.7556000 65.735755920 0.0020900941 0.0019161301 4.1590747833 2.0000000000
 2094.2556000 70.657760620 0.0019702916 0.0018629699 3.9319515228 2.0000000000
 2094.7556000 73.897094727 0.0013968379 0.0018312900 2.0522315502 2.0000000000
 2095.2556000 74.292442322 0.0016473612 0.0018349900 2.8417346478 2.0000000000
 2095.7556000 71.969367981 0.0026854784 0.0018452599 7.4596204758 2.0000000000
 2096.2556000 69.940086365 0.0026651761 0.0018345400 7.4420394897 2.0000000000
 2096.7556000 68.191627502 0.0016331887 0.0018402900 2.7753829956 2.0000000000
 2097.2556000 66.160675049 0.0013025391 0.0018983301 1.6487840414 2.0000000000
 2097.7556000 63.859699249 0.0016422595 0.0019359000 2.5103898048 2.0000000000
 2098.2556000 61.119174957 0.0017185535 0.0018834200 2.9203996658 2.0000000000
 2098.7556000 57.958507538 0.0015430524 0.0018148101 2.5546576977 2.0000000000
 2099.2556000 61.929088593 0.0014486421 0.0018007299 2.2905266285 2.0000000000
 2099.7556000 72.716049194 0.0014317420 0.0018172000 2.1930246353 2.0000000000
 2100.2556000 75.372230530 0.0017704971 0.0018412900 3.2577786446 2.0000000000
 2100.7556000 70.256660461 0.0024492037 0.0018440901 6.2133975029 2.0000000000
 2101.2556000 69.349021912 0.0023113156 0.0017979699 5.8505563736 2.0000000000
 2101.7556000 72.463523865 0.0013928897 0.0017518200 2.2498655319 2.0000000000
 2102.2556000 75.176605225 0.0013733127 0.0017523899 2.1855020523 2.0000000000
 2102.7556000 77.505996704 0.0022128965 0.0018057399 5.3122773170 2.0000000000
 2103.2556000 77.084846497 0.0023867628 0.0019176400 5.4141583443 2.0000000000
 2103.7556000 74.034622192 0.0019243064 0.0019512699 3.3872735500 2.0000000000
 2104.2556000 71.736114502 0.0018036177 0.0017758299 3.6610524654 2.0000000000
 2104.7556000 70.156135559 0.0020096055 0.0015626900 6.0214543343 2.0000000000
 2105.2556000 69.094696045 0.0019943519 0.0014756300 6.7274909019 1.0000000000
 2105.7556000 68.528892517 0.0017676257 0.0014793400 5.2557053566 1.0000000000
 2106.2556000 67.962417603 0.0016514228 0.0015400600 4.1988825798 2.0000000000
 2106.7556000 67.395294189 0.0016408635 0.0015430801 4.1275305748 2.0000000000
 2107.2556000 78.674575806 0.0013097280 0.0013787900 3.3687312603 1.0000000000
 2107.7556000 101.27716827 0.0006721712 0.0012285199 1.1437178850 1.0000000000
 2108.2556000 114.54177094 0.0003047346 0.0012656000 0.2201867700 1.0000000000
 2108.7556000 118.88067627 0.0001954911 0.0013440300 0.0793878511 1.0000000000
 2109.2556000 123.28929138 0.0001215323 0.0013243001 0.0316966586 1.0000000000
 2109.7556000 127.76452637 0.0000813005 0.0012705900 0.0155372489 1.0000000000
 2110.2556000 130.67869568 0.0000834704 0.0012442500 0.0171501525 1.0000000000
 2110.7556000 132.10069275 0.0001261698 0.0012568501 0.0383254550 1.0000000000
 2111.2556000 130.11073303 0.0001419587 0.0013194400 0.0435980111 1.0000000000
 2111.7556000 124.85944366 0.0001320252 0.0013598501 0.0352884978 1.0000000000
 2112.2556000 125.44606018 0.0001267963 0.0013090500 0.0353923738 1.0000000000
 2112.7556000 131.61282349 0.0001260645 0.0012452800 0.0390479192 1.0000000000
 2113.2556000 133.04248047 0.0001243406 0.0012433099 0.0381198712 1.0000000000
 2113.7556000 129.94419861 0.0001216686 0.0012917001 0.0335584097 1.0000000000
 2114.2556000 125.49674988 0.0001415575 0.0013795500 0.0393046252 1.0000000000
 2114.7556000 119.75968933 0.0001830112 0.0014509900 0.0587886982 1.0000000000
 2115.2556000 118.75325012 0.0001914224 0.0014526499 0.0641551465 1.0000000000
 2115.7556000 122.26856995 0.0001682501 0.0014019599 0.0535910614 1.0000000000
 2116.2556000 126.75850677 0.0001420368 0.0013155601 0.0439296961 1.0000000000
 2116.7556000 132.18005371 0.0001129168 0.0012453700 0.0313228071 1.0000000000
 2117.2556000 132.06437683 0.0001410258 0.0012409600 0.0492413267 1.0000000000
 2117.7556000 126.65592957 0.0002238367 0.0012536100 0.1213123724 1.0000000000
 2118.2556000 123.70967102 0.0002109993 0.0012367601 0.1110539809 1.0000000000
 2118.7556000 123.11688232 0.0001067370 0.0012490400 0.0278075133 1.0000000000
 2119.2556000 121.24452972 0.0001306999 0.0013464600 0.0353447460 1.0000000000
 2119.7556000 118.14913177 0.0002772261 0.0014151100 0.1425377429 1.0000000000
 2120.2556000 121.32853699 0.0003238162 0.0013461401 0.2170693576 1.0000000000
 2120.7556000 130.50570679 0.0002748828 0.0012620001 0.1802870780 1.0000000000
 2121.2556000 130.44470215 0.0002302629 0.0012797500 0.1226796880 1.0000000000
 2121.7556000 121.55339813 0.0001897660 0.0013222400 0.0775450990 1.0000000000
 2122.2556000 119.67485809 0.0001510091 0.0013157000 0.0496433787 1.0000000000
 2122.7556000 124.49942017 0.0001139154 0.0013015000 0.0289326031 1.0000000000
 2123.2556000 125.73619843 0.0001214085 0.0013191600 0.0319039002 1.0000000000
 2123.7556000 123.54363251 0.0001715198 0.0013368001 0.0618418194 1.0000000000
 2124.2556000 123.28755188 0.0001948154 0.0013239201 0.0814987049 1.0000000000
 2124.7556000 124.88243866 0.0001924794 0.0012976601 0.0831408128 1.0000000000
 2125.2556000 126.88519287 0.0001701743 0.0012743900 0.0676273778 1.0000000000
 2125.7556000 129.27778625 0.0001287818 0.0012803200 0.0383361019 1.0000000000
 2126.2556000 128.45332336 0.0001150840 0.0013405100 0.0276717152 1.0000000000
 2126.7556000 124.55386353 0.0001278582 0.0014176300 0.0302008335 1.0000000000
 2127.2556000 122.02581787 0.0001388351 0.0014760600 0.0325814076 1.0000000000
 2127.7556000 120.80867004 0.0001480941 0.0015071300 0.0354114622 2.0000000000
 2128.2556000 121.31302643 0.0001369402 0.0015025800 0.0304802842 2.0000000000
 2128.7556000 123.46289063 0.0001062747 0.0014628599 0.0194721594 1.0000000000
 2129.2556000 124.76571655 0.0001312062 0.0013883599 0.0332969017 1.0000000000
 2129.7556000 125.25894165 0.0002092795 0.0013475800 0.0904551670 1.0000000000
 2130.2556000 123.60655212 0.0002218753 0.0014059900 0.0926098228 1.0000000000
 2130.7556000 119.90328979 0.0001718848 0.0014526800 0.0517250448 1.0000000000
 2131.2556000 121.20207977 0.0001374900 0.0013816800 0.0369526446 1.0000000000
 2131.7556000 127.28205109 0.0001180023 0.0012879799 0.0317673460 1.0000000000
 2132.2556000 129.81990051 0.0001005979 0.0012624100 0.0241288655 1.0000000000
 2132.7556000 128.97204590 0.0000851848 0.0012622499 0.0173063129 1.0000000000
 2133.2556000 129.85632324 0.0000886828 0.0012466500 0.0192770809 1.0000000000
 2133.7556000 132.39622498 0.0001102570 0.0012522499 0.0295047741 1.0000000000
 2134.2556000 131.09385681 0.0001267125 0.0013140599 0.0350498185 1.0000000000
 2134.7556000 126.11888885 0.0001382754 0.0013659201 0.0383313671 1.0000000000
 2135.2556000 124.42429352 0.0001532819 0.0013446000 0.0487614945 1.0000000000
 2135.7556000 125.86521912 0.0001715800 0.0012912799 0.0667864904 1.0000000000
 2136.2556000 128.94783020 0.0001538079 0.0012453101 0.0581228323 1.0000000000
 2136.7556000 133.59960938 0.0001015582 0.0012130201 0.0268485062 1.0000000000
 2137.2556000 136.03506470 0.0000848221 0.0012004800 0.0191618558 1.0000000000
 2137.7556000 136.35203552 0.0001020317 0.0012120100 0.0271491744 1.0000000000
 2138.2556000 133.08152771 0.0001174606 0.0012517300 0.0335166529 1.0000000000
 2138.7556000 126.38191986 0.0001311873 0.0012875401 0.0392925106 1.0000000000
 2139.2556000 124.41223907 0.0001236260 0.0012887401 0.0348221734 1.0000000000
 2139.7556000 126.96363068 0.0000957167 0.0012721100 0.0214793533 1.0000000000
 2140.2556000 129.29522705 0.0000867771 0.0012536700 0.0182308685 1.0000000000
 2140.7556000 131.41673279 0.0000959696 0.0012383900 0.0229076911 1.0000000000
 2141.2556000 132.65049744 0.0000961910 0.0012310200 0.0233176928 1.0000000000
 2141.7556000 133.03572083 0.0000878373 0.0012312400 0.0194358584 1.0000000000
 2142.2556000 132.60044861 0.0000768350 0.0012387800 0.0146733914 1.0000000000
 2142.7556000 131.38093567 0.0000633010 0.0012728700 0.0093820058 1.0000000000
 2143.2556000 128.24462891 0.0000848872 0.0013519301 0.0147769628 1.0000000000
 2143.7556000 123.27622223 0.0001400430 0.0013996500 0.0372631848 1.0000000000
 2144.2556000 123.74971008 0.0001507486 0.0013431300 0.0472766869 1.0000000000
 2144.7556000 129.42481995 0.0001189669 0.0012656300 0.0335565321 1.0000000000
 2145.2556000 131.65202332 0.0001142412 0.0012467300 0.0319849737 1.0000000000
 2145.7556000 130.58355713 0.0001353769 0.0012589300 0.0439628363 1.0000000000
 2146.2556000 128.97325134 0.0001451014 0.0012759600 0.0490344577 1.0000000000
 2146.7556000 126.84501648 0.0001439183 0.0012836300 0.0476063155 1.0000000000
 2147.2556000 127.29055023 0.0001540130 0.0012683601 0.0559733398 1.0000000000
 2147.7556000 130.19618225 0.0001748874 0.0012525000 0.0742003694 1.0000000000
 2148.2556000 130.77389526 0.0001753316 0.0012573700 0.0739437491 1.0000000000
 2148.7556000 129.12648010 0.0001562477 0.0012617100 0.0582795292 1.0000000000
 2149.2556000 129.81990051 0.0001435753 0.0012451999 0.0506562851 1.0000000000
 2149.7556000 132.75079346 0.0001370313 0.0012337000 0.0470954329 1.0000000000
 2150.2556000 132.34490967 0.0001233508 0.0012519300 0.0369494334 1.0000000000
 2150.7556000 128.74955750 0.0001028487 0.0012723500 0.0247892477 1.0000000000
 2151.2556000 127.86080170 0.0000998224 0.0012686600 0.0235015731 1.0000000000
 2151.7556000 129.55911255 0.0001135003 0.0012834499 0.0296183303 1.0000000000
 2152.2556000 127.74440002 0.0001413010 0.0013573900 0.0405826643 1.0000000000
 2152.7556000 122.57177734 0.0001826010 0.0014390800 0.0595963299 1.0000000000
 2153.2556000 118.95533752 0.0001857792 0.0014793600 0.0580539107 1.0000000000
 2153.7556000 116.82637024 0.0001525188 0.0014561801 0.0405110680 1.0000000000
 2154.2556000 117.47299194 0.0001369488 0.0013484700 0.0386781208 1.0000000000
 2154.7556000 120.77262878 0.0001382879 0.0012469400 0.0468498431 1.0000000000
 2155.2556000 123.83267212 0.0001911604 0.0012383200 0.0908999667 1.0000000000
 2155.7556000 126.66367340 0.0002932910 0.0012688600 0.2028090209 1.0000000000
 2156.2556000 127.35639954 0.0002807849 0.0012871400 0.1801236570 1.0000000000
 2156.7556000 126.00528717 0.0001587040 0.0012815300 0.0580995381 1.0000000000
 2157.2556000 128.58996582 0.0001116447 0.0012408401 0.0308675077 1.0000000000
 2157.7556000 134.93667603 0.0001362943 0.0012080900 0.0487907007 1.0000000000
 2158.2556000 133.78732300 0.0001266748 0.0012243800 0.0409227461 1.0000000000
 2158.7556000 125.47292328 0.0000842994 0.0012774999 0.0165064931 1.0000000000
 2159.2556000 121.71372986 0.0000970046 0.0013557599 0.0191770885 1.0000000000
 2159.7556000 122.30861664 0.0001623584 0.0014017699 0.0499184206 1.0000000000
 2160.2556000 123.90097046 0.0001590001 0.0013606701 0.0511138216 1.0000000000
 2160.7556000 126.44673157 0.0000899636 0.0012920200 0.0183375422 1.0000000000
 2161.2556000 129.09083557 0.0000598644 0.0012527200 0.0086907838 1.0000000000
 2161.7556000 131.82894897 0.0000669834 0.0012398900 0.0111298915 1.0000000000
 2162.2556000 131.90805054 0.0000878053 0.0012507499 0.0187614635 1.0000000000
 2162.7556000 129.44555664 0.0001217253 0.0012586300 0.0355619676 1.0000000000
 2163.2556000 130.17808533 0.0001248166 0.0012380400 0.0387729034 1.0000000000
 2163.7556000 133.96455383 0.0000984406 0.0012641500 0.0230351593 1.0000000000
 2164.2556000 131.50192261 0.0001129846 0.0014088200 0.0239087306 1.0000000000
 2164.7556000 123.06607056 0.0001666419 0.0015298701 0.0433838964 2.0000000000
 2165.2556000 120.02970123 0.0001964442 0.0014913901 0.0637643114 1.0000000000
 2165.7556000 122.15438843 0.0002034447 0.0013926300 0.0795159191 1.0000000000
 2166.2556000 124.23626709 0.0001821576 0.0013284599 0.0707176402 1.0000000000
 2166.7556000 126.27722168 0.0001338318 0.0012880000 0.0408605300 1.0000000000
 2167.2556000 128.43473816 0.0001301623 0.0012608300 0.0405066237 1.0000000000
 2167.7556000 130.70368958 0.0001691772 0.0012782700 0.0663916916 1.0000000000
 2168.2556000 129.50244141 0.0001738865 0.0013702101 0.0602004491 1.0000000000
 2168.7556000 124.98423004 0.0001458050 0.0014365800 0.0381433778 1.0000000000
 2169.2556000 122.95304871 0.0001117419 0.0013816900 0.0244078003 1.0000000000
 2169.7556000 123.29907227 0.0000719613 0.0012937901 0.0116976239 1.0000000000
 2170.2556000 125.44544220 0.0000674144 0.0012572600 0.0109337782 1.0000000000
 2170.7556000 129.31265259 0.0000965455 0.0012502600 0.0227019340 1.0000000000
 2171.2556000 128.17036438 0.0001130980 0.0012519200 0.0310628712 1.0000000000
 2171.7556000 122.23976898 0.0001176275 0.0012940200 0.0312426388 1.0000000000
 2172.2556000 119.25202942 0.0001130935 0.0014069100 0.0240264498 1.0000000000
 2172.7556000 119.07723236 0.0000998962 0.0015007099 0.0162646770 2.0000000000
 2173.2556000 117.32768250 0.0001975380 0.0014894600 0.0646603256 1.0000000000
 2173.7556000 114.07292938 0.0004011247 0.0014234900 0.2945636511 1.0000000000
 2174.2556000 116.43032074 0.0004026846 0.0013508500 0.3331152201 1.0000000000
 2174.7556000 124.15204620 0.0002111382 0.0012970801 0.1001398265 1.0000000000
 2175.2556000 124.67101288 0.0001863384 0.0012865700 0.0794056356 1.0000000000
 2175.7556000 118.30526733 0.0003209225 0.0012898401 0.2342186570 1.0000000000
 2176.2556000 118.87246704 0.0003136855 0.0012787000 0.2280855626 1.0000000000
 2176.7556000 126.06649780 0.0001708896 0.0012684099 0.0689064786 1.0000000000
 2177.2556000 128.86885071 0.0000980359 0.0012735800 0.0224756580 1.0000000000
 2177.7556000 127.47342682 0.0000920361 0.0012531000 0.0205280706 1.0000000000
 2178.2556000 126.09832764 0.0000842715 0.0011677000 0.0201017130 1.0000000000
 2178.7556000 124.74263763 0.0000748201 0.0011069800 0.0178208686 1.0000000000
 2179.2556000 125.53447723 0.0000651210 0.0011566200 0.0122580891 1.0000000000
 2179.7556000 128.37902832 0.0000551853 0.0012300200 0.0076884767 1.0000000000
 2180.2556000 128.28323364 0.0000732329 0.0012444099 0.0131975506 1.0000000000
 2180.7556000 125.37690735 0.0001180283 0.0012362500 0.0347807035 1.0000000000
 2181.2556000 125.68467712 0.0001344183 0.0012403700 0.0447820649 1.0000000000
 2181.7556000 129.06462097 0.0001236573 0.0012478700 0.0373995714 1.0000000000
 2182.2556000 126.83300018 0.0001624983 0.0012502301 0.0643161386 1.0000000000
 2182.7556000 119.23757172 0.0002487514 0.0012530400 0.1499713361 1.0000000000
 2183.2556000 117.84214783 0.0002519937 0.0012616400 0.1516077518 1.0000000000
 2183.7556000 122.37296295 0.0001758906 0.0012725601 0.0724758357 1.0000000000
 2184.2556000 124.99169922 0.0001329136 0.0012824801 0.0406843573 1.0000000000
 2184.7556000 125.78282166 0.0001216000 0.0013173801 0.0320998281 1.0000000000
 2185.2556000 124.22873688 0.0001248061 0.0014020801 0.0294829775 1.0000000000
 2185.7556000 120.43302155 0.0001418907 0.0014837000 0.0336470306 1.0000000000
 2186.2556000 118.29199219 0.0003967256 0.0015116701 0.2524498403 2.0000000000
 2186.7556000 117.73255920 0.0008788127 0.0014845601 1.2890732288 1.0000000000
 2187.2556000 119.70751190 0.0008699723 0.0014009700 1.4350513220 1.0000000000
 2187.7556000 124.10491180 0.0003918812 0.0013057700 0.3399399221 1.0000000000
 2188.2556000 125.12180328 0.0002048671 0.0012418100 0.1037583575 1.0000000000
 2188.7556000 122.90744781 0.0002960774 0.0012636700 0.2085529864 1.0000000000
 2189.2556000 121.37090302 0.0003250642 0.0014235399 0.1934305131 1.0000000000
 2189.7556000 120.48223114 0.0002945749 0.0015398901 0.1336331517 2.0000000000
 2190.2556000 118.98886871 0.0002698174 0.0014392100 0.1300967932 1.0000000000
 2190.7556000 116.91751862 0.0002505384 0.0012899999 0.1427089423 1.0000000000
 2191.2556000 119.10308838 0.0001968662 0.0012532900 0.0938920453 1.0000000000
 2191.7556000 125.35762024 0.0001103195 0.0012700100 0.0286370702 1.0000000000
 2192.2556000 127.73146057 0.0000858235 0.0012836599 0.0169286579 1.0000000000
 2192.7556000 126.39595795 0.0001206385 0.0012804499 0.0336336419 1.0000000000
 2193.2556000 128.43585205 0.0001396199 0.0012471699 0.0477373712 1.0000000000
 2193.7556000 133.70205688 0.0001434670 0.0012585900 0.0494036190 1.0000000000
 2194.2556000 126.13533020 0.0002292960 0.0013861901 0.1020429507 1.0000000000
 2194.7556000 106.30227661 0.0003934870 0.0015931000 0.2212717682 2.0000000000
 2195.2556000 86.809799194 0.0007490176 0.0018441101 0.5811029077 2.0000000000
 2195.7556000 67.642845154 0.0012874396 0.0020324700 1.3861193657 2.0000000000
 2196.2556000 55.202381134 0.0016074578 0.0020561300 2.1065311432 2.0000000000
 2196.7556000 49.191387177 0.0017187158 0.0019781699 2.6219730377 2.0000000000
 2197.2556000 48.737174988 0.0020988025 0.0018588599 4.4833278656 2.0000000000
 2197.7556000 53.594387054 0.0027358481 0.0018029601 8.1473150253 2.0000000000
 2198.2556000 53.882389069 0.0026713621 0.0019105900 6.8374953270 2.0000000000
 2198.7556000 49.802936554 0.0019363206 0.0020696600 3.0128443241 2.0000000000
 2199.2556000 48.107452393 0.0028563698 0.0021729900 5.8898181915 2.0000000000
 2199.7556000 48.690662384 0.0053584287 0.0021595899 21.011548996 2.0000000000
 2200.2556000 49.380134583 0.0054748664 0.0019711801 26.813232422 2.0000000000
 2200.7556000 50.171173096 0.0033110213 0.0017972100 12.017290115 2.0000000000
 2201.2556000 49.665546417 0.0022359213 0.0018187900 5.3381581306 2.0000000000
 2201.7556000 47.920505524 0.0022014915 0.0019267801 4.5583043098 2.0000000000
 2202.2556000 47.269603729 0.0020312320 0.0020168100 3.5095875263 2.0000000000
 2202.7556000 47.664531708 0.0017311398 0.0020727599 2.4002501965 2.0000000000
 2203.2556000 49.015220642 0.0018133244 0.0020791800 2.6157028675 2.0000000000
 2203.7556000 51.279468536 0.0022609062 0.0020426901 4.2278504372 2.0000000000
 2204.2556000 51.473690033 0.0023654071 0.0019696199 5.0138397217 2.0000000000
 2204.7556000 49.689292908 0.0021419756 0.0019409900 4.2459783554 2.0000000000
 2205.2556000 49.098445892 0.0023849173 0.0020342299 4.7475175858 2.0000000000
 2205.7556000 49.648445129 0.0030736397 0.0020868101 7.4549283981 2.0000000000
 2206.2556000 50.602745056 0.0029303946 0.0019433901 7.9253826141 2.0000000000
 2206.7556000 51.943496704 0.0019919183 0.0017762401 4.4631285667 2.0000000000
 2207.2556000 52.054908752 0.0015696792 0.0017499999 2.8637702465 2.0000000000
 2207.7556000 50.991271973 0.0016408830 0.0018066899 2.9175028801 2.0000000000
 2208.2556000 51.663311005 0.0022965472 0.0018909000 5.1698737144 2.0000000000
 2208.7556000 53.994392395 0.0035108656 0.0020006099 10.672621727 2.0000000000
 2209.2556000 53.570350647 0.0035169877 0.0021338901 9.2931556702 2.0000000000
 2209.7556000 50.512832642 0.0023682616 0.0022036601 3.9259178638 3.0000000000
 2210.2556000 49.928943634 0.0025290188 0.0021266800 4.8412709236 2.0000000000
 2210.7556000 51.709461212 0.0039414386 0.0020089599 13.328238487 2.0000000000
 2211.2556000 49.822036743 0.0044902670 0.0019518100 18.432394028 2.0000000000
 2211.7556000 44.428627014 0.0042136358 0.0018649601 17.940767288 2.0000000000
 2212.2556000 53.479618073 0.0032094135 0.0016621100 13.409108162 2.0000000000
 2212.7556000 76.337219238 0.0015097278 0.0014870401 3.7904207706 1.0000000000
 2213.2556000 86.516113281 0.0007146694 0.0014771600 0.8619254827 1.0000000000
 2213.7556000 84.576133728 0.0007842944 0.0016154700 0.8525122404 2.0000000000
 2214.2556000 75.466201782 0.0037596729 0.0018857301 13.939434052 2.0000000000
 2214.7556000 59.502902985 0.0095125008 0.0020731301 72.445426941 3.0000000000
 2215.2556000 58.055004120 0.0095592132 0.0019723701 81.633758545 3.0000000000
 2215.7556000 70.481582642 0.0041517625 0.0017815300 19.262830734 2.0000000000
 2216.2556000 79.427398682 0.0013269495 0.0016899001 2.2101130486 2.0000000000
 2216.7556000 85.046150208 0.0009707373 0.0016530199 1.2416282892 2.0000000000
 2217.2556000 84.105674744 0.0010753800 0.0016283899 1.5749088526 2.0000000000
 2217.7556000 76.895606995 0.0016205285 0.0016025200 3.7046377659 2.0000000000
 2218.2556000 75.627281189 0.0020479383 0.0015625299 6.2547702789 2.0000000000
 2218.7556000 80.038337708 0.0023628084 0.0015347800 8.6607503891 2.0000000000
 2219.2556000 79.076629639 0.0021294022 0.0015444900 6.9372634888 2.0000000000
 2219.7556000 72.979377747 0.0013719291 0.0015517400 2.8501100540 2.0000000000
 2220.2556000 73.105133057 0.0012445019 0.0015184199 2.4599652290 2.0000000000
 2220.7556000 79.179115295 0.0017193016 0.0014928600 4.8737373352 1.0000000000
 2221.2556000 84.379028320 0.0016287597 0.0015212600 4.1962990761 2.0000000000
 2221.7556000 88.743469238 0.0009978386 0.0016141500 1.3824326992 2.0000000000
 2222.2556000 87.013511658 0.0008753188 0.0017816100 0.8561398387 2.0000000000
 2222.7556000 79.458259583 0.0012387519 0.0019251599 1.4459114075 2.0000000000
 2223.2556000 78.538642883 0.0011526608 0.0019506399 1.2162235975 2.0000000000
 2223.7556000 83.961662292 0.0006368946 0.0018781200 0.4035931528 2.0000000000
 2224.2556000 87.463432312 0.0008521260 0.0017267700 0.8691441417 2.0000000000
 2224.7556000 89.128791809 0.0017660778 0.0015680300 4.6157264709 2.0000000000
 2225.2556000 87.623840332 0.0017504668 0.0014701401 5.2253885269 1.0000000000
 2225.7556000 83.088584900 0.0008463374 0.0014611300 1.2381452322 1.0000000000
 2226.2556000 83.943664551 0.0003721614 0.0015677699 0.2050414085 2.0000000000
 2226.7556000 89.951080322 0.0003089541 0.0017603099 0.1095195711 2.0000000000
 2227.2556000 85.325675964 0.0024263926 0.0020103499 5.0434131622 2.0000000000
 2227.7556000 70.536941528 0.0066281902 0.0021245999 33.325767517 2.0000000000
 2228.2556000 67.296676636 0.0066078068 0.0019183201 41.465633392 2.0000000000
 2228.7556000 75.094955444 0.0025516732 0.0016254500 8.9024219513 2.0000000000
 2229.2556000 80.042472839 0.0005692738 0.0014695700 0.5531257391 1.0000000000
 2229.7556000 82.265090942 0.0005690424 0.0014231899 0.5930768847 1.0000000000
 2230.2556000 89.126998901 0.0006041965 0.0014600100 0.6320821643 1.0000000000
 2230.7556000 100.42333984 0.0006731735 0.0014958801 0.7438427806 1.0000000000
 2231.2556000 102.96884918 0.0006306295 0.0014504001 0.6986752152 1.0000000000
 2231.7556000 97.149909973 0.0004814886 0.0014294300 0.4205460846 1.0000000000
 2232.2556000 89.093620300 0.0006035087 0.0015341800 0.5655084848 2.0000000000
 2232.7556000 78.898750305 0.0009847166 0.0017229400 1.1663479805 2.0000000000
 2233.2556000 73.790687561 0.0010795313 0.0019558200 1.0605884790 2.0000000000
 2233.7556000 73.544830322 0.0009005984 0.0021029001 0.6293052435 2.0000000000
 2234.2556000 71.705024719 0.0008859270 0.0020400200 0.6510287523 2.0000000000
 2234.7556000 68.341644287 0.0010282641 0.0018707199 1.0611822605 2.0000000000
 2235.2556000 71.134078979 0.0009652374 0.0016939599 1.1632723808 2.0000000000
 2235.7556000 79.810508728 0.0007059152 0.0016168600 0.6893275976 2.0000000000
 2236.2556000 82.264068604 0.0006904162 0.0017417801 0.5598048568 2.0000000000
 2236.7556000 78.769515991 0.0009079744 0.0019155400 0.7854283452 2.0000000000
 2237.2556000 71.930931091 0.0017830344 0.0019917500 2.7797315121 2.0000000000
 2237.7556000 61.895973206 0.0032865640 0.0020236000 9.1203165054 2.0000000000
 2238.2556000 56.618801117 0.0035446647 0.0020619601 10.179672241 2.0000000000
 2238.7556000 55.889324188 0.0026123300 0.0020462100 5.6229681969 2.0000000000
 2239.2556000 60.207729340 0.0017880279 0.0019184500 3.0356907845 2.0000000000
 2239.7556000 69.351119995 0.0010669888 0.0017976400 1.2473080158 2.0000000000
 2240.2556000 73.954765320 0.0011446918 0.0017975000 1.4358385801 2.0000000000
 2240.7556000 74.219123840 0.0019858689 0.0018427799 4.0912828445 2.0000000000
 2241.2556000 79.640769958 0.0018491425 0.0018615801 3.4689733982 2.0000000000
 2241.7556000 89.991981506 0.0007776920 0.0018142500 0.6493541002 2.0000000000
 2242.2556000 93.654197693 0.0003710292 0.0016629200 0.1790190190 2.0000000000
 2242.7556000 90.922760010 0.0005998000 0.0015289400 0.5627998114 2.0000000000
 2243.2556000 86.655014038 0.0009791730 0.0015282901 1.5012952089 2.0000000000
 2243.7556000 80.918785095 0.0015024982 0.0015625299 3.3667087555 2.0000000000
 2244.2556000 80.006050110 0.0014400410 0.0015375599 3.2041969299 2.0000000000
 2244.7556000 83.703819275 0.0008176672 0.0015472401 1.0188875198 2.0000000000
 2245.2556000 85.859397888 0.0005013891 0.0016812400 0.3191275895 2.0000000000
 2245.7556000 86.540885925 0.0004776910 0.0017961700 0.2504550219 2.0000000000
 2246.2556000 88.245231628 0.0005174627 0.0017549400 0.3093008697 2.0000000000
 2246.7556000 90.927261353 0.0006179019 0.0017128401 0.4652239084 2.0000000000
 2247.2556000 90.885421753 0.0006301383 0.0018182901 0.4242411554 2.0000000000
 2247.7556000 88.239982605 0.0005580668 0.0018852099 0.3073129952 2.0000000000
 2248.2556000 83.422622681 0.0031058185 0.0017357500 11.415117264 2.0000000000
 2248.7556000 76.529228210 0.0081577152 0.0015315800 103.71218109 3.0000000000
 2249.2556000 74.713630676 0.0081499862 0.0014272401 120.89832306 3.0000000000
 2249.7556000 77.751617432 0.0033060412 0.0014826400 18.295232773 1.0000000000
 2250.2556000 74.719779968 0.0016557354 0.0017550599 3.1662089825 2.0000000000
 2250.7556000 65.886123657 0.0030580526 0.0019838500 8.2484140396 2.0000000000
 2251.2556000 63.438854218 0.0033731502 0.0019199100 10.785827637 2.0000000000
 2251.7556000 67.095977783 0.0026490339 0.0017668800 7.9858193398 2.0000000000
 2252.2556000 72.517944336 0.0035415385 0.0017194401 15.154179573 2.0000000000
 2252.7556000 79.626831055 0.0059792823 0.0017563000 41.226928711 2.0000000000
 2253.2556000 82.668006897 0.0055137542 0.0018571200 31.006082535 2.0000000000
 2253.7556000 81.821090698 0.0022731498 0.0018676800 5.2046399117 2.0000000000
 2254.2556000 81.542556763 0.0006168749 0.0016405800 0.5098000765 2.0000000000
 2254.7556000 81.807312012 0.0004749742 0.0014493599 0.3969651163 1.0000000000
 2255.2556000 81.857734680 0.0007323559 0.0015554801 0.8078721166 2.0000000000
 2255.7556000 81.703300476 0.0013713900 0.0017353100 2.2268574238 2.0000000000
 2256.2556000 75.267494202 0.0020482563 0.0017751100 4.7257747650 2.0000000000
 2256.7556000 62.827682495 0.0027612853 0.0017387799 8.9884414673 2.0000000000
 2257.2556000 62.276863098 0.0026355833 0.0016874101 8.7471809387 2.0000000000
 2257.7556000 73.090080261 0.0017081837 0.0017060200 3.5867745876 2.0000000000
 2258.2556000 76.502403259 0.0014254306 0.0018758699 2.0269646645 2.0000000000
 2258.7556000 72.840629578 0.0017588597 0.0020163800 2.6327109337 2.0000000000
 2259.2556000 71.060752869 0.0017678554 0.0019549299 2.8471138477 2.0000000000
 2259.7556000 71.079681396 0.0014667432 0.0018170400 2.3020050526 2.0000000000
 2260.2556000 74.305320740 0.0011062861 0.0017226801 1.4725997448 2.0000000000
 2260.7556000 80.596069336 0.0006891043 0.0016380701 0.6383199096 2.0000000000
 2261.2556000 88.442161560 0.0007193061 0.0015309700 0.8070507050 2.0000000000
 2261.7556000 97.774917603 0.0011771374 0.0014670000 2.3741493225 1.0000000000
 2262.2556000 98.113052368 0.0015714348 0.0015089000 3.9768548012 2.0000000000
 2262.7556000 89.853721619 0.0019050038 0.0015496700 5.5114440918 2.0000000000
 2263.2556000 84.460090637 0.0019898715 0.0014870299 6.5848622322 1.0000000000
 2263.7556000 81.805618286 0.0018370198 0.0014503200 5.9293518066 1.0000000000
 2264.2556000 80.753326416 0.0017443954 0.0015631600 4.5340080261 2.0000000000
 2264.7556000 81.232467651 0.0017093386 0.0016968800 3.6343247890 2.0000000000
 2265.2556000 84.273529053 0.0013299549 0.0017285401 2.1124141216 2.0000000000
 2265.7556000 89.763397217 0.0006214480 0.0016892500 0.4851577878 2.0000000000
 2266.2556000 92.559555054 0.0003505939 0.0016087400 0.1719253659 2.0000000000
 2266.7556000 92.780937195 0.0004980679 0.0015559000 0.3734371364 2.0000000000
 2267.2556000 88.582695007 0.0006057029 0.0015965200 0.5218380690 2.0000000000
 2267.7556000 80.159957886 0.0006752579 0.0016693000 0.5879814625 2.0000000000
 2268.2556000 75.169387817 0.0008357965 0.0017156400 0.8481322527 2.0000000000
 2268.7556000 73.459426880 0.0010833014 0.0017186201 1.4193936586 2.0000000000
 2269.2556000 77.585876465 0.0010758442 0.0016621000 1.5067909956 2.0000000000
 2269.7556000 87.291023254 0.0008246828 0.0016049901 0.9561689496 2.0000000000
 2270.2556000 93.149345398 0.0008114302 0.0016035900 0.9274637699 2.0000000000
 2270.7556000 95.330711365 0.0010255817 0.0016397201 1.4107407331 2.0000000000
 2271.2556000 91.971427917 0.0010144326 0.0016960000 1.2814732790 2.0000000000
 2271.7556000 83.316146851 0.0007879312 0.0017683899 0.7051879764 2.0000000000
 2272.2556000 82.190116882 0.0007579188 0.0018530800 0.5886785388 2.0000000000
 2272.7556000 88.260894775 0.0009157195 0.0019010400 0.8123519421 2.0000000000
 2273.2556000 85.247772217 0.0011405728 0.0018653800 1.3138868809 2.0000000000
 2273.7556000 73.551849365 0.0014295176 0.0018135300 2.1959609985 2.0000000000
 2274.2556000 66.749595642 0.0020847428 0.0018098999 4.6909942627 2.0000000000
 2274.7556000 64.624931335 0.0030900748 0.0017500999 11.096849442 2.0000000000
 2275.2556000 69.341163635 0.0028024702 0.0015343300 12.191600800 2.0000000000
 2275.7556000 80.596244812 0.0012790200 0.0013748001 3.2331633568 1.0000000000
 2276.2556000 85.458946228 0.0005511810 0.0014743599 0.5148264170 1.0000000000
 2276.7556000 84.211524963 0.0005838232 0.0016489300 0.4515624046 2.0000000000
 2277.2556000 81.210716248 0.0007370516 0.0017225901 0.6537256241 2.0000000000
 2277.7556000 76.533950806 0.0010055419 0.0017440900 1.1839920282 2.0000000000
 2278.2556000 79.269416809 0.0010408101 0.0017600100 1.2433967590 2.0000000000
 2278.7556000 89.089836121 0.0008531543 0.0017600299 0.8354319930 2.0000000000
 2279.2556000 93.933769226 0.0007988697 0.0017343099 0.7566118240 2.0000000000
 2279.7556000 94.020957947 0.0008720673 0.0017227900 0.9149321318 2.0000000000
 2280.2556000 89.796661377 0.0008005646 0.0017636899 0.7322575450 2.0000000000
 2280.7556000 81.451248169 0.0005907511 0.0018227600 0.3708550930 2.0000000000
 2281.2556000 75.547210693 0.0006799675 0.0018672800 0.4659245014 2.0000000000
 2281.7556000 71.976730347 0.0010550100 0.0018686999 1.1197630167 2.0000000000
 2282.2556000 68.594100952 0.0015934920 0.0017997400 2.7748420238 2.0000000000
 2282.7556000 65.391029358 0.0022881967 0.0017169900 6.3459639549 2.0000000000
 2283.2556000 69.636840820 0.0022829582 0.0016745899 6.6741704941 2.0000000000
 2283.7556000 81.002647400 0.0016086835 0.0016869401 3.2607834339 2.0000000000
 2284.2556000 84.653274536 0.0012922834 0.0017678399 1.8981962204 2.0000000000
 2284.7556000 80.929389954 0.0013179554 0.0018563201 1.7732303143 2.0000000000
 2285.2556000 80.901565552 0.0011213205 0.0018941200 1.2279001474 2.0000000000
 2285.7556000 84.406593323 0.0007121942 0.0019053901 0.4889137745 2.0000000000
 2286.2556000 85.884185791 0.0004889013 0.0019132399 0.2283230126 2.0000000000
 2286.7556000 85.423866272 0.0004432364 0.0018401401 0.2044555694 2.0000000000
 2287.2556000 89.646102905 0.0005755474 0.0016120200 0.4612615705 2.0000000000
 2287.7556000 98.344139099 0.0008779756 0.0014551500 1.3445217609 1.0000000000
 2288.2556000 98.104667664 0.0010382237 0.0015858300 1.5560276508 2.0000000000
 2288.7556000 89.322326660 0.0010625703 0.0017623199 1.2921973467 2.0000000000
 2289.2556000 86.327232361 0.0010607069 0.0017535400 1.3018959761 2.0000000000
 2289.7556000 88.863861084 0.0010337911 0.0016697000 1.3774029016 2.0000000000
 2290.2556000 87.986923218 0.0014560942 0.0016161400 2.9357912540 2.0000000000
 2290.7556000 83.847152710 0.0023077806 0.0016218500 7.3175473213 2.0000000000
 2291.2556000 78.252708435 0.0022559264 0.0017145500 6.1875615120 2.0000000000
 2291.7556000 71.267822266 0.0013404280 0.0017626500 2.0555195808 2.0000000000
 2292.2556000 69.619659424 0.0011877602 0.0016403900 1.8904876709 2.0000000000
 2292.7556000 73.072570801 0.0017642401 0.0014766200 5.2568325996 1.0000000000
 2293.2556000 80.536766052 0.0016265286 0.0013945199 5.0674443245 1.0000000000
 2293.7556000 91.835113525 0.0008061613 0.0014008699 1.2324483395 1.0000000000
 2294.2556000 95.880592346 0.0005544798 0.0015021201 0.5000590682 2.0000000000
 2294.7556000 92.993453979 0.0008463741 0.0016164801 0.9914481044 2.0000000000
 2295.2556000 90.548255920 0.0011136053 0.0016657300 1.6066913605 2.0000000000
 2295.7556000 88.525489807 0.0013572624 0.0016256100 2.5182080269 2.0000000000
 2296.2556000 86.613304138 0.0013084220 0.0014729300 2.9073348045 1.0000000000
 2296.7556000 84.806823730 0.0009799995 0.0013692200 1.9151846170 1.0000000000
 2297.2556000 86.177703857 0.0006698831 0.0014688500 0.7667392492 1.0000000000
 2297.7556000 90.585647583 0.0003772644 0.0015759601 0.2083013654 2.0000000000
 2298.2556000 92.108604431 0.0002537625 0.0015033201 0.1045542508 2.0000000000
 2298.7556000 90.873954773 0.0002919101 0.0014373501 0.1527076364 1.0000000000
 2299.2556000 87.778030396 0.0006514474 0.0015562600 0.6385250688 2.0000000000
 2299.7556000 82.903022766 0.0013181830 0.0016898400 2.1811780930 2.0000000000
 2300.2556000 79.450859070 0.0018413553 0.0016754200 4.3371367455 2.0000000000
 2300.7556000 77.358718872 0.0022273033 0.0016223399 6.8115611076 2.0000000000
 2301.2556000 79.003738403 0.0019875369 0.0016350800 5.3314409256 2.0000000000
 2301.7556000 84.220886230 0.0011496854 0.0016847999 1.6701353788 2.0000000000
 2302.2556000 86.098663330 0.0007020109 0.0017439000 0.5772184730 2.0000000000
 2302.7556000 84.784500122 0.0006272850 0.0018633499 0.3983658254 2.0000000000
 2303.2556000 78.616996765 0.0008812313 0.0020918800 0.6095353961 2.0000000000
 2303.7556000 67.810440063 0.0014493371 0.0022123801 1.4576303959 3.0000000000
 2304.2556000 63.633365631 0.0034941533 0.0020173599 10.379117966 2.0000000000
 2304.7556000 65.793045044 0.0069504743 0.0017636401 55.198459625 2.0000000000
 2305.2556000 73.578544617 0.0065119653 0.0016967100 52.757884979 2.0000000000
 2305.7556000 86.741455078 0.0023506002 0.0017541300 6.3888344765 2.0000000000
 2306.2556000 89.399795532 0.0004700991 0.0018762500 0.2203633338 2.0000000000
 2306.7556000 82.017402649 0.0007697497 0.0019654999 0.5334066749 2.0000000000
 2307.2556000 81.929054260 0.0008621416 0.0019286401 0.6975970268 2.0000000000
 2307.7556000 88.812675476 0.0007564263 0.0018018299 0.6236815453 2.0000000000
 2308.2556000 88.176170349 0.0007933661 0.0016196300 0.8674260974 2.0000000000
 2308.7556000 80.351608276 0.0009666621 0.0015553200 1.4078160524 2.0000000000
 2309.2556000 72.035850525 0.0015576800 0.0017745200 2.7351331711 2.0000000000
 2309.7556000 63.250587463 0.0025479752 0.0020037300 5.6020131111 2.0000000000
 2310.2556000 63.911582947 0.0027879127 0.0019815799 6.8727865219 2.0000000000
 2310.7556000 73.601730347 0.0023106250 0.0018798700 5.3012437820 2.0000000000
 2311.2556000 80.501701355 0.0016796371 0.0018628000 2.8580198288 2.0000000000
 2311.7556000 84.734695435 0.0009017357 0.0018366199 0.8497987986 2.0000000000
 2312.2556000 80.538177490 0.0014903515 0.0017116800 2.7104897499 2.0000000000
 2312.7556000 68.284347534 0.0033851459 0.0015982300 16.261041641 2.0000000000
 2313.2556000 67.393806458 0.0040571713 0.0016016200 23.249618530 2.0000000000
 2313.7556000 77.364799500 0.0035604190 0.0016315299 17.190683365 2.0000000000
 2314.2556000 85.327980042 0.0025799260 0.0016016200 9.4012079239 2.0000000000
 2314.7556000 91.372016907 0.0011370525 0.0015664101 1.9176486731 2.0000000000
 2315.2556000 89.669136047 0.0007098370 0.0015780299 0.7352986336 2.0000000000
 2315.7556000 80.561393738 0.0012534333 0.0016061801 2.2052361965 2.0000000000
 2316.2556000 73.633216858 0.0029944947 0.0016219100 12.319362640 2.0000000000
 2316.7556000 68.788360596 0.0058801472 0.0016464201 45.960731506 2.0000000000
 2317.2556000 66.146171570 0.0061510312 0.0017000100 46.870826721 2.0000000000
 2317.7556000 65.609390259 0.0039226050 0.0016986300 19.095533371 2.0000000000
 2318.2556000 68.920700073 0.0022881322 0.0015619600 7.8142704964 2.0000000000
 2318.7556000 75.910186768 0.0012213881 0.0014431999 2.6496534348 1.0000000000
 2319.2556000 80.208831787 0.0008187401 0.0014887900 1.1118816137 1.0000000000
 2319.7556000 81.935455322 0.0010508649 0.0015898700 1.5852518082 2.0000000000
 2320.2556000 83.046455383 0.0011110489 0.0016423900 1.6497511864 2.0000000000
 2320.7556000 83.569000244 0.0010068838 0.0016593001 1.3247193098 2.0000000000
 2321.2556000 78.649078369 0.0013211530 0.0016530099 2.2998538017 2.0000000000
 2321.7556000 68.527008057 0.0020353801 0.0016610700 5.4005446434 2.0000000000
 2322.2556000 69.523353577 0.0019473797 0.0017193700 4.5823545456 2.0000000000
 2322.7556000 81.147171021 0.0010925740 0.0017546000 1.3794623613 2.0000000000
 2323.2556000 86.997718811 0.0007129891 0.0016966499 0.6325033903 2.0000000000
 2323.7556000 87.329902649 0.0007876415 0.0016595100 0.8104038239 2.0000000000
 2324.2556000 81.681739807 0.0009930870 0.0017521700 1.1431593895 2.0000000000
 2324.7556000 70.317276001 0.0013235502 0.0018105101 1.8893777132 2.0000000000
 2325.2556000 74.740753174 0.0012953895 0.0016776801 2.1401324272 2.0000000000
 2325.7556000 94.255050659 0.0009244398 0.0015682700 1.2642455101 2.0000000000
 2326.2556000 94.351501465 0.0011288379 0.0016873900 1.6046825647 2.0000000000
 2326.7556000 75.887496948 0.0018831789 0.0018592100 3.6079509258 2.0000000000
 2327.2556000 67.247787476 0.0019817604 0.0019156700 3.7410778999 2.0000000000
 2327.7556000 67.998588562 0.0014535373 0.0019132200 2.0182247162 2.0000000000
 2328.2556000 72.136672974 0.0010959754 0.0019058400 1.1572080851 2.0000000000
 2328.7556000 79.512466431 0.0009015387 0.0018551600 0.8308635950 2.0000000000
 2329.2556000 85.141021729 0.0007912273 0.0017244900 0.7515347600 2.0000000000
 2329.7556000 89.099502563 0.0007613267 0.0016070200 0.8126345277 2.0000000000
 2330.2556000 90.045181274 0.0006538660 0.0015918199 0.6120837331 2.0000000000
 2330.7556000 88.111083984 0.0004722700 0.0016525600 0.2940591574 2.0000000000
 2331.2556000 85.263938904 0.0007291672 0.0017640900 0.6071676016 2.0000000000
 2331.7556000 81.544052124 0.0014051960 0.0018248400 2.0930485725 2.0000000000
 2332.2556000 78.196014404 0.0018314524 0.0017377600 3.9592568874 2.0000000000
 2332.7556000 75.203407288 0.0020189648 0.0016420201 5.4503564835 2.0000000000
 2333.2556000 77.120628357 0.0016580453 0.0016706500 3.5387084484 2.0000000000
 2333.7556000 83.730888367 0.0007729098 0.0016995700 0.7404772043 2.0000000000
 2334.2556000 87.431541443 0.0003754162 0.0016101800 0.1967443377 2.0000000000
 2334.7556000 88.351066589 0.0004440326 0.0015093801 0.3173019290 2.0000000000
 2335.2556000 90.783439636 0.0009730413 0.0014993701 1.5461907387 1.0000000000
 2335.7556000 94.661849976 0.0019421134 0.0014887101 6.2570109367 1.0000000000
 2336.2556000 95.506340027 0.0019251013 0.0013900100 7.1493692398 1.0000000000
 2336.7556000 93.450866699 0.0009655444 0.0013487700 1.9216802120 1.0000000000
 2337.2556000 92.348403931 0.0005953121 0.0015040300 0.5748111010 2.0000000000
 2337.7556000 92.156860352 0.0007883825 0.0016867099 0.7834028006 2.0000000000
 2338.2556000 89.344268799 0.0009733288 0.0017351900 1.1219037771 2.0000000000
 2338.7556000 84.026374817 0.0011505096 0.0016749200 1.6943125725 2.0000000000
 2339.2556000 88.232864380 0.0010421189 0.0015302501 1.6957319975 2.0000000000
 2339.7556000 101.54319000 0.0006607656 0.0014131500 0.8122330308 1.0000000000
 2340.2556000 105.53782654 0.0004137713 0.0014306401 0.3099943399 1.0000000000
 2340.7556000 100.62809753 0.0002952031 0.0015202600 0.1380456090 2.0000000000
 2341.2556000 93.452537537 0.0003681314 0.0016222900 0.1860900223 2.0000000000
 2341.7556000 84.111206055 0.0006241006 0.0017196700 0.4704677761 2.0000000000
 2342.2556000 74.013023376 0.0014969793 0.0017960600 2.4599468708 2.0000000000
 2342.7556000 63.191421509 0.0029595275 0.0018054000 9.5056800842 2.0000000000
 2343.2556000 64.454620361 0.0029358135 0.0017036401 10.627366066 2.0000000000
 2343.7556000 77.269004822 0.0014914632 0.0016023400 3.1388080120 2.0000000000
 2344.2556000 86.928878784 0.0006761582 0.0016081301 0.6400148273 2.0000000000
 2344.7556000 93.573524475 0.0004621228 0.0016470499 0.2836350501 2.0000000000
 2345.2556000 92.330383301 0.0004185634 0.0016484200 0.2322593033 2.0000000000
 2345.7556000 83.547737122 0.0005379527 0.0016085200 0.4049020112 2.0000000000
 2346.2556000 83.043823242 0.0005253149 0.0015238300 0.4348897338 2.0000000000
 2346.7556000 90.453086853 0.0003864796 0.0014450601 0.2645477951 1.0000000000
 2347.2556000 91.158851624 0.0004798941 0.0014206800 0.4234469533 1.0000000000
 2347.7556000 85.457107544 0.0007953030 0.0014936600 1.0416250229 1.0000000000
 2348.2556000 75.140022278 0.0023835464 0.0017050799 6.9921188354 2.0000000000
 2348.7556000 60.411403656 0.0051884223 0.0019345300 25.096006393 2.0000000000
 2349.2556000 56.968879700 0.0061008087 0.0020669298 29.995645523 2.0000000000
 2349.7556000 64.314109802 0.0052042692 0.0020556198 22.092523575 2.0000000000
 2350.2556000 74.339736938 0.0037199552 0.0018559700 14.132511139 2.0000000000
 2350.7556000 86.927398682 0.0016738179 0.0016510800 3.7010636330 2.0000000000
 2351.2556000 93.202598572 0.0005664723 0.0016159600 0.4444367886 2.0000000000
 2351.7556000 93.444053650 0.0003564658 0.0016735799 0.1629347205 2.0000000000
 2352.2556000 88.818984985 0.0005532053 0.0017502700 0.3555833995 2.0000000000
 2352.7556000 79.542266846 0.0011387308 0.0018040000 1.4096839428 2.0000000000
 2353.2556000 77.530845642 0.0012896750 0.0017945900 1.8290982246 2.0000000000
 2353.7556000 82.463905334 0.0010252268 0.0017764200 1.1820597649 2.0000000000
 2354.2556000 83.815277100 0.0009286448 0.0018014599 0.9404271841 2.0000000000
 2354.7556000 81.743110657 0.0009925166 0.0018157500 1.0557285547 2.0000000000
 2355.2556000 84.045166016 0.0009094112 0.0017677100 0.9401916862 2.0000000000
 2355.7556000 90.528305054 0.0006858185 0.0017076500 0.5769535899 2.0000000000
 2356.2556000 83.316001892 0.0010632669 0.0016836700 1.4306033850 2.0000000000
 2356.7556000 63.012977600 0.0020152174 0.0016662601 5.2578682899 2.0000000000
 2357.2556000 61.775562286 0.0021335117 0.0016272201 6.2088079453 2.0000000000
 2357.7556000 78.761917114 0.0014549600 0.0016154801 2.9338545799 2.0000000000
 2358.2556000 82.013359070 0.0012800128 0.0016778000 2.0892970562 2.0000000000
 2358.7556000 72.136360168 0.0015864335 0.0017691100 2.8561637402 2.0000000000
 2359.2556000 72.203170776 0.0015824629 0.0018463300 2.5869412422 2.0000000000
 2359.7556000 81.774734497 0.0012818062 0.0018808000 1.6296372414 2.0000000000
 2360.2556000 86.354957581 0.0009656019 0.0018451200 0.9645885825 2.0000000000
 2360.7556000 86.164245605 0.0006345367 0.0018053900 0.4369756877 2.0000000000
 2361.2556000 85.916748047 0.0011365991 0.0018248000 1.3694336414 2.0000000000
 2361.7556000 85.614982605 0.0024350020 0.0018363399 6.1987180710 2.0000000000
 2362.2556000 84.099769592 0.0024571237 0.0017759199 6.7939543724 2.0000000000
 2362.7556000 81.424682617 0.0012593175 0.0016875200 1.9967461824 2.0000000000
 2363.2556000 78.288681030 0.0006473524 0.0016131601 0.5826275349 2.0000000000
 2363.7556000 74.712104797 0.0005953600 0.0015936000 0.5062031150 2.0000000000
 2364.2556000 75.141410828 0.0005733151 0.0016678200 0.4246768653 2.0000000000
 2364.7556000 79.399719238 0.0005798952 0.0017503300 0.3906926215 2.0000000000
 2365.2556000 84.193344116 0.0007507560 0.0017594300 0.6474097371 2.0000000000
 2365.7556000 89.498657227 0.0010786435 0.0017374399 1.3738974333 2.0000000000
 2366.2556000 89.090713501 0.0018261813 0.0017248000 4.0018663406 2.0000000000
 2366.7556000 83.221778870 0.0029748392 0.0017003299 10.958571434 2.0000000000
 2367.2556000 82.848876953 0.0028311661 0.0016437501 10.692812920 2.0000000000
 2367.7556000 87.729331970 0.0014522247 0.0016017701 2.9781546593 2.0000000000
 2368.2556000 86.331680298 0.0008258351 0.0016190100 0.9406709075 2.0000000000
 2368.7556000 78.933128357 0.0009187680 0.0016648499 1.0949304104 2.0000000000
 2369.2556000 76.345428467 0.0009576415 0.0017100701 1.1214380264 2.0000000000
 2369.7556000 78.356155396 0.0009448427 0.0017115601 1.0895729065 2.0000000000
 2370.2556000 81.224349976 0.0008436689 0.0016281401 0.9696661234 2.0000000000
 2370.7556000 84.912147522 0.0006580224 0.0015766100 0.6331226826 2.0000000000
 2371.2556000 84.134391785 0.0012504831 0.0016686601 2.0181169510 2.0000000000
 2371.7556000 79.088249207 0.0025866937 0.0017483600 7.7929544449 2.0000000000
 2372.2556000 79.194061279 0.0027111876 0.0016666800 9.5113954544 2.0000000000
 2372.7556000 84.224334717 0.0016774690 0.0015501800 4.2703976631 2.0000000000
 2373.2556000 86.365768433 0.0010812711 0.0015198600 1.8531104326 2.0000000000
 2373.7556000 85.745910645 0.0009032754 0.0015469401 1.2439379692 2.0000000000
 2374.2556000 85.941894531 0.0008464186 0.0016038901 1.0087561607 2.0000000000
 2374.7556000 86.917694092 0.0009053518 0.0016524399 1.0808321238 2.0000000000
 2375.2556000 90.634582520 0.0007624101 0.0016559701 0.7628898025 2.0000000000
 2375.7556000 96.971527100 0.0004265072 0.0016714201 0.2339183837 2.0000000000
 2376.2556000 94.291870117 0.0003924909 0.0017532000 0.1783322990 2.0000000000
 2376.7556000 82.993743896 0.0006470314 0.0018699500 0.4205569029 2.0000000000
 2377.2556000 75.220649719 0.0008299049 0.0019916501 0.6022655368 2.0000000000
 2377.7556000 70.816947937 0.0009442759 0.0020612800 0.7229303122 2.0000000000
 2378.2556000 70.456588745 0.0009957145 0.0020243400 0.8364616036 2.0000000000
 2378.7556000 73.961044312 0.0009869995 0.0019119399 0.9319455028 2.0000000000
 2379.2556000 76.882423401 0.0009453219 0.0017538200 1.0336948633 2.0000000000
 2379.7556000 79.246482849 0.0008721374 0.0016130700 1.0576274395 2.0000000000
 2380.2556000 82.403907776 0.0007785506 0.0015499900 0.9201319814 2.0000000000
 2380.7556000 86.319656372 0.0006654625 0.0015025000 0.7198719382 2.0000000000
 2381.2556000 86.981498718 0.0010320939 0.0014112900 1.9873877764 1.0000000000
 2381.7556000 84.533088684 0.0018572627 0.0013943000 6.6094141006 1.0000000000
 2382.2556000 79.466773987 0.0019835779 0.0015642500 5.8536257744 2.0000000000
 2382.7556000 71.898139954 0.0014418970 0.0017432800 2.4370293617 2.0000000000
 2383.2556000 76.198570251 0.0009956188 0.0017613401 1.1358764172 2.0000000000
 2383.7556000 91.843978882 0.0006405303 0.0017051500 0.5048956275 2.0000000000
 2384.2556000 95.950042725 0.0005243121 0.0016575700 0.3600324988 2.0000000000
 2384.7556000 89.026268005 0.0006364170 0.0016801601 0.5148872137 2.0000000000
 2385.2556000 86.253776550 0.0005889289 0.0018317599 0.3645985723 2.0000000000
 2385.7556000 87.449256897 0.0003888946 0.0019703701 0.1354124993 2.0000000000
 2386.2556000 87.622322083 0.0003885999 0.0019602200 0.1367523223 2.0000000000
 2386.7556000 86.818122864 0.0005792250 0.0018988099 0.3258632123 2.0000000000
 2387.2556000 87.648048401 0.0006853265 0.0018792599 0.4666851759 2.0000000000
 2387.7556000 90.039947510 0.0007106366 0.0018477399 0.5208171606 2.0000000000
 2388.2556000 86.775001526 0.0007053873 0.0017527500 0.5763301849 2.0000000000
 2388.7556000 78.102996826 0.0006709282 0.0016760400 0.5753424168 2.0000000000
 2389.2556000 76.788551331 0.0007781826 0.0016957299 0.7543594241 2.0000000000
 2389.7556000 82.506797791 0.0010208933 0.0017410800 1.2250661850 2.0000000000
 2390.2556000 82.989341736 0.0010331601 0.0017444700 1.2493253946 2.0000000000
 2390.7556000 78.467346191 0.0008251580 0.0017199799 0.8220965862 2.0000000000
 2391.2556000 83.513534546 0.0006252649 0.0016810701 0.4964085817 2.0000000000
 2391.7556000 97.705413818 0.0004331227 0.0016697900 0.2417495698 2.0000000000
 2392.2556000 99.863113403 0.0004219208 0.0017262900 0.2132120430 2.0000000000
 2392.7556000 90.518013000 0.0005836701 0.0017559000 0.3930387795 2.0000000000
 2393.2556000 86.034141541 0.0006180085 0.0016680700 0.4933072627 2.0000000000
 2393.7556000 86.196853638 0.0005305618 0.0015876000 0.4053606093 2.0000000000
 2394.2556000 84.450538635 0.0006436040 0.0016338000 0.5600152612 2.0000000000
 2394.7556000 80.879478455 0.0009482824 0.0017209500 1.0843893290 2.0000000000
 2395.2556000 76.374259949 0.0009453089 0.0017671301 1.0166155100 2.0000000000
 2395.7556000 70.976119995 0.0006482677 0.0017484300 0.4894210994 2.0000000000
 2396.2556000 78.429412842 0.0004422123 0.0016419999 0.2614813745 2.0000000000
 2396.7556000 98.166687012 0.0003231250 0.0015778500 0.1524041146 2.0000000000
 2397.2556000 99.232833862 0.0018869607 0.0016802500 4.5258808136 2.0000000000
 2397.7556000 82.452285767 0.0050594090 0.0018035300 27.843776703 2.0000000000
 2398.2556000 77.102752686 0.0053791972 0.0018084501 31.286758423 2.0000000000
 2398.7556000 82.679496765 0.0029722839 0.0018026801 9.6196556091 2.0000000000
 2399.2556000 83.606391907 0.0015051992 0.0018891400 2.2253937721 2.0000000000
 2399.7556000 80.088768005 0.0009364446 0.0019691300 0.7862496972 2.0000000000
 2400.2556000 79.245216370 0.0008206797 0.0019483300 0.6181442738 2.0000000000
 2400.7556000 80.957672119 0.0011379028 0.0018809700 1.2840155363 2.0000000000
 2401.2556000 82.313865662 0.0011169038 0.0018189000 1.3318403959 2.0000000000
 2401.7556000 83.329528809 0.0007726169 0.0017474300 0.6960636377 2.0000000000
 2402.2556000 83.355148315 0.0006309265 0.0016525000 0.5248634219 2.0000000000
 2402.7556000 82.434448242 0.0006828867 0.0015944999 0.6651559472 2.0000000000
 2403.2556000 79.920585632 0.0008205129 0.0016311599 0.9134365916 2.0000000000
 2403.7556000 75.883903503 0.0010400224 0.0016918400 1.3542376757 2.0000000000
 2404.2556000 72.812362671 0.0013320177 0.0017090000 2.1726384163 2.0000000000
 2404.7556000 70.663345337 0.0016932981 0.0017107900 3.5029513836 2.0000000000
 2405.2556000 73.840415955 0.0018895790 0.0017241199 4.2882657051 2.0000000000
 2405.7556000 82.108398438 0.0019281451 0.0017356899 4.3998785019 2.0000000000
 2406.2556000 83.674522400 0.0019157233 0.0017328099 4.3592677116 2.0000000000
 2406.7556000 78.834709167 0.0018545650 0.0016903899 4.3143258095 2.0000000000
 2407.2556000 79.599143982 0.0015084619 0.0015844899 3.2908782959 2.0000000000
 2407.7556000 85.720367432 0.0008899956 0.0015434501 1.2136460543 2.0000000000
 2408.2556000 87.188858032 0.0005257489 0.0016899300 0.3469329476 2.0000000000
 2408.7556000 84.210060120 0.0004044964 0.0018409200 0.1701189280 2.0000000000
 2409.2556000 75.867942810 0.0007166018 0.0018215301 0.5465071201 2.0000000000
 2409.7556000 62.399322510 0.0014429298 0.0017144500 2.5317211151 2.0000000000
 2410.2556000 62.754962921 0.0015349014 0.0015986999 3.3409783840 2.0000000000
 2410.7556000 76.324455261 0.0010205270 0.0015048400 1.6872143745 2.0000000000
 2411.2556000 86.603355408 0.0009444842 0.0014620700 1.5397826433 1.0000000000
 2411.7556000 93.736961365 0.0012874188 0.0014730900 2.8140721321 1.0000000000
 2412.2556000 96.947334290 0.0011239310 0.0015405101 1.9436466694 2.0000000000
 2412.7556000 96.407707214 0.0004763825 0.0016429200 0.3030788004 2.0000000000
 2413.2556000 88.828033447 0.0007374214 0.0017598900 0.6242568493 2.0000000000
 2413.7556000 74.519172668 0.0018669289 0.0018630000 3.5301022530 2.0000000000
 2414.2556000 70.049064636 0.0020081061 0.0019250500 3.8001511097 2.0000000000
 2414.7556000 74.983283997 0.0012045932 0.0018559700 1.4819198847 2.0000000000
 2415.2556000 82.176773071 0.0007630881 0.0015696500 0.8597717285 2.0000000000
 2415.7556000 91.529777527 0.0006676064 0.0013290701 0.9489333034 1.0000000000
 2416.2556000 93.484832764 0.0006595493 0.0013855700 0.8451073766 1.0000000000
 2416.7556000 88.368606567 0.0007350567 0.0015969101 0.7681122422 2.0000000000
 2417.2556000 82.502090454 0.0009728295 0.0018271400 1.0004040003 2.0000000000
 2417.7556000 75.918418884 0.0013657027 0.0019185101 1.7708890438 2.0000000000
 2418.2556000 75.092239380 0.0013338269 0.0017202101 2.1474332809 2.0000000000
 2418.7556000 79.769332886 0.0008959569 0.0014681501 1.3730274439 1.0000000000
 2419.2556000 83.710311890 0.0006710828 0.0013877900 0.8718464375 1.0000000000
 2419.7556000 86.947685242 0.0006498001 0.0014178499 0.7797816396 1.0000000000
 2420.2556000 87.984573364 0.0006997575 0.0014997600 0.7991849780 1.0000000000
 2420.7556000 86.918159485 0.0008178095 0.0015512001 1.0135266781 2.0000000000
 2421.2556000 83.685188293 0.0009395035 0.0014934901 1.4539573193 1.0000000000
 2421.7556000 78.381324768 0.0010646785 0.0014508701 1.9900053740 1.0000000000
 2422.2556000 78.476577759 0.0009829642 0.0015420900 1.4833171368 2.0000000000
 2422.7556000 83.732559204 0.0007034956 0.0016966299 0.6157878041 2.0000000000
 2423.2556000 84.779060364 0.0007034910 0.0018471000 0.5107850432 2.0000000000
 2423.7556000 81.801963806 0.0009706106 0.0019329400 0.8798520565 2.0000000000
 2424.2556000 80.530921936 0.0010935043 0.0018962499 1.1648517847 2.0000000000
 2424.7556000 80.890609741 0.0010785402 0.0018617701 1.1798733473 2.0000000000
 2425.2556000 79.949363708 0.0014975445 0.0019487099 2.0573852062 2.0000000000
 2425.7556000 77.764625549 0.0023313551 0.0019636201 4.9033222198 2.0000000000
 2426.2556000 82.579910278 0.0020842361 0.0017216200 5.2339768410 2.0000000000
 2426.7556000 94.086135864 0.0008039169 0.0014566000 1.1247955561 1.0000000000
 2427.2556000 96.821899414 0.0002898365 0.0013921701 0.1615039259 1.0000000000
 2427.7556000 91.174468994 0.0005081617 0.0013714101 0.5131398439 1.0000000000
 2428.2556000 90.511024475 0.0005227430 0.0012442700 0.6726115346 1.0000000000
 2428.7556000 94.611503601 0.0003425767 0.0011410100 0.3495255709 1.0000000000
 2429.2556000 92.114227295 0.0006915490 0.0011861400 1.3078166246 1.0000000000
 2429.7556000 83.310523987 0.0015462956 0.0013251400 5.1240005493 1.0000000000
 2430.2556000 80.400558472 0.0015940346 0.0015059500 4.1097202301 2.0000000000
 2430.7556000 83.124084473 0.0008703993 0.0016537500 0.9972485304 2.0000000000
 2431.2556000 83.027778625 0.0005312445 0.0016970400 0.3509670198 2.0000000000
 2431.7556000 80.236137390 0.0005595936 0.0017210500 0.3775720298 2.0000000000
 2432.2556000 80.647094727 0.0008455837 0.0018072299 0.7742545009 2.0000000000
 2432.7556000 84.119255066 0.0013778388 0.0018589400 1.9320261478 2.0000000000
 2433.2556000 82.195831299 0.0019155105 0.0017838299 4.0887589455 2.0000000000
 2433.7556000 75.115074158 0.0024583596 0.0017445700 7.0725550652 2.0000000000
 2434.2556000 74.603424072 0.0022748306 0.0018967000 5.0384979248 2.0000000000
 2434.7556000 80.370811462 0.0013969960 0.0019930599 1.7039057016 2.0000000000
 2435.2556000 87.353576660 0.0008847518 0.0017973899 0.8578864932 2.0000000000
 2435.7556000 95.498062134 0.0007219553 0.0015723400 0.7666875720 2.0000000000
 2436.2556000 94.309043884 0.0007746434 0.0015689400 0.8868898749 2.0000000000
 2436.7556000 84.198638916 0.0010333012 0.0016440899 1.4236972332 2.0000000000
 2437.2556000 77.887985229 0.0010730220 0.0016609899 1.5011007786 2.0000000000
 2437.7556000 75.209320068 0.0009034728 0.0016124999 1.1358755827 2.0000000000
 2438.2556000 76.396324158 0.0008041498 0.0014917899 1.0678668022 1.0000000000
 2438.7556000 81.278305054 0.0007719523 0.0014405601 1.0627028942 1.0000000000
 2439.2556000 82.299781799 0.0007916671 0.0015942099 0.8943039179 2.0000000000
 2439.7556000 79.631195068 0.0008610020 0.0017667901 0.8437259197 2.0000000000
 2440.2556000 80.450187683 0.0009565064 0.0017805899 1.0236114264 2.0000000000
 2440.7556000 84.602752686 0.0010770246 0.0017148100 1.4098601341 2.0000000000
 2441.2556000 84.605010986 0.0010927070 0.0016451400 1.5898684263 2.0000000000
 2441.7556000 80.640205383 0.0010081830 0.0015674700 1.5053601265 2.0000000000
 2442.2556000 85.888465881 0.0008329769 0.0014778499 1.1697126627 1.0000000000
 2442.7556000 99.942985535 0.0005710929 0.0014394200 0.5826409459 1.0000000000
 2443.2556000 102.01396179 0.0004822475 0.0015125300 0.3725557029 2.0000000000
 2443.7556000 92.630508423 0.0005588002 0.0016375200 0.4200514555 2.0000000000
 2444.2556000 86.815284729 0.0005880062 0.0017574000 0.3981515467 2.0000000000
 2444.7556000 84.410720825 0.0005719559 0.0017951600 0.3594993949 2.0000000000
 2445.2556000 86.369308472 0.0006932530 0.0016772001 0.6133336425 2.0000000000
 2445.7556000 92.498405457 0.0009458329 0.0015921401 1.2801769972 2.0000000000
 2446.2556000 90.013298035 0.0009537841 0.0017202800 1.0979486704 2.0000000000
 2446.7556000 79.294342041 0.0007279084 0.0018852800 0.5227891207 2.0000000000
 2447.2556000 74.743408203 0.0007725919 0.0019185699 0.5666952133 2.0000000000
 2447.7556000 76.088150024 0.0010758879 0.0019325000 1.0816111565 2.0000000000
 2448.2556000 73.423545837 0.0014363790 0.0020344600 1.7216702700 2.0000000000
 2448.7556000 66.926635742 0.0018515397 0.0020695501 2.7551102638 2.0000000000
 2449.2556000 68.594749451 0.0018452136 0.0018897300 3.3420567513 2.0000000000
 2449.7556000 78.067352295 0.0014360109 0.0016735201 2.6444017887 2.0000000000
 2450.2556000 83.612617493 0.0010988122 0.0015915600 1.7291646004 2.0000000000
 2450.7556000 85.403953552 0.0008304382 0.0016236501 0.9452163577 2.0000000000
 2451.2556000 81.109893799 0.0016880659 0.0017504500 3.3101634979 2.0000000000
 2451.7556000 70.999130249 0.0036219764 0.0018595400 13.341327667 2.0000000000
 2452.2556000 70.090003967 0.0039048095 0.0018434300 15.805967331 2.0000000000
 2452.7556000 77.976203918 0.0026094681 0.0017875400 7.5533785820 2.0000000000
 2453.2556000 79.697151184 0.0016534775 0.0017734900 3.0858397484 2.0000000000
 2453.7556000 75.525070190 0.0010218542 0.0017952899 1.1473126411 2.0000000000
 2454.2556000 71.818855286 0.0007801146 0.0018472099 0.6280309558 2.0000000000
 2454.7556000 68.557929993 0.0009110432 0.0018834600 0.8206800222 2.0000000000
 2455.2556000 71.038589478 0.0010011175 0.0018602801 1.0183516741 2.0000000000
 2455.7556000 79.007301331 0.0010521415 0.0018217500 1.1778039932 2.0000000000
 2456.2556000 81.558059692 0.0009424001 0.0018100201 0.9584449530 2.0000000000
 2456.7556000 78.930076599 0.0006789916 0.0018098800 0.4976216555 2.0000000000
 2457.2556000 75.459403992 0.0016032268 0.0018067800 2.7848274708 2.0000000000
 2457.7556000 71.183250427 0.0036626651 0.0017591700 15.414067268 2.0000000000
 2458.2556000 79.786460876 0.0035783215 0.0016273301 17.462736130 2.0000000000
 2458.7556000 100.70037079 0.0014448554 0.0015466601 3.1840510368 2.0000000000
 2459.2556000 103.24488831 0.0004958698 0.0016465600 0.3267869055 2.0000000000
 2459.7556000 88.231140137 0.0006790639 0.0017957800 0.5063658357 2.0000000000
 2460.2556000 79.452697754 0.0006548510 0.0018688700 0.4313312769 2.0000000000
 2460.7556000 76.634231567 0.0004323894 0.0018617900 0.1896280348 2.0000000000
 2461.2556000 76.554527283 0.0003964267 0.0017706900 0.1779967993 2.0000000000
 2461.7556000 79.092643738 0.0005387282 0.0016815200 0.3682942390 2.0000000000
 2462.2556000 83.341407776 0.0005139362 0.0016763901 0.3374373615 2.0000000000
 2462.7556000 89.225273132 0.0003294286 0.0016663800 0.1404816806 2.0000000000
 2463.2556000 87.677619934 0.0003325446 0.0015665201 0.1639988124 2.0000000000
 2463.7556000 79.026588440 0.0005149998 0.0014992000 0.4332346022 1.0000000000
 2464.2556000 72.016380310 0.0008917338 0.0015814200 1.1549590826 2.0000000000
 2464.7556000 66.574546814 0.0014541679 0.0017156600 2.5673224926 2.0000000000
 2465.2556000 67.926269531 0.0016537623 0.0018086700 2.9563486576 2.0000000000
 2465.7556000 75.771591187 0.0015065379 0.0018708700 2.2775304317 2.0000000000
 2466.2556000 77.534782410 0.0015458398 0.0019122399 2.2852606773 2.0000000000
 2466.7556000 73.484382629 0.0017634319 0.0019285800 2.9187343121 2.0000000000
 2467.2556000 76.833419800 0.0017881521 0.0019158700 3.0451147556 2.0000000000
 2467.7556000 87.255165100 0.0016285172 0.0018630699 2.6858425140 2.0000000000
 2468.2556000 91.456832886 0.0012994295 0.0017596200 1.9390269518 2.0000000000
 2468.7556000 89.713066101 0.0008083712 0.0016476300 0.8672221899 2.0000000000
 2469.2556000 84.953552246 0.0007693355 0.0015673500 0.8767310977 2.0000000000
 2469.7556000 77.311454773 0.0011623631 0.0015539799 2.0394062996 2.0000000000
 2470.2556000 74.323707581 0.0013166417 0.0016412300 2.3203978539 2.0000000000
 2470.7556000 75.784805298 0.0012427139  -999.250000  -999.250000  -999.250000
 2471.2556000  -999.250000  -999.250000  -999.250000  -999.250000  -999.250000
 2471.7556000  -999.250000  -999.250000  -999.250000  -999.250000  -999.250000
 2472.2556000  -999.250000  -999.250000  -999.250000  -999.250000  -999.250000
