# LAS format log file from PETREL
# Project units are specified as depth units
#==================================================================
~Version information
VERS.   2.0:
WRAP.   NO:
#==================================================================
~Well
STRT .m      1901.2873000 :
STOP .m      2367.2873000 :
STEP .m     0.50000000 :
NULL .        -999.250000 :
COMP.           : COMPANY
WELL.  C1   : WELL
FLD.            : FIELD
LOC.            : LOCATION
SRVC.           : SERVICE COMPANY
DATE.  2024-10-09 18:10:24   : Log Export Date {yyyy-MM-dd HH:mm:ss}
PROV.           : PROVINCE
UWI.      : UNIQUE WELL ID
API.            : API NUMBER
#==================================================================
~Curve
DEPT .m                   : DEPTH
Gamma .gAPI               : Gamma
Perm .mD                  : Perm
Porosity .m3/m3           : Porosity
Resistivity .ohm.m        : Resistivity
LITH ._                   : LITH
~Parameter
#==================================================================
~Ascii
 1901.2873000  -999.250000  -999.250000  -999.250000  -999.250000  -999.250000
 1901.7873000  -999.250000  -999.250000  -999.250000  -999.250000  -999.250000
 1902.2873000 65.398468018 0.0008305890 0.0021259401 0.5225887895 2.0000000000
 1902.7873000 63.724239349 0.0008259001 0.0021592299 0.4993413091 2.0000000000
 1903.2873000 60.516582489 0.0010457238 0.0022235999 0.7504285574 3.0000000000
 1903.7873000 56.173976898 0.0014317168 0.0023156300 1.2865957022 3.0000000000
 1904.2873000 52.384277344 0.0016841257 0.0024327999 1.5970369577 3.0000000000
 1904.7873000 49.003807068 0.0018376636 0.0024745101 1.8317056894 3.0000000000
 1905.2873000 47.606662750 0.0019503196 0.0023663200 2.2764072418 3.0000000000
 1905.7873000 47.677455902 0.0020327175 0.0022499999 2.7628195286 3.0000000000
 1906.2873000 48.955951691 0.0019512663 0.0022305099 2.5950393677 3.0000000000
 1906.7873000 51.128311157 0.0017485445 0.0022357700 2.0730688572 3.0000000000
 1907.2873000 53.973369598 0.0016141174 0.0022124401 1.8078104258 3.0000000000
 1907.7873000 57.316314697 0.0015302377 0.0021694801 1.6964277029 2.0000000000
 1908.2873000 62.571495056 0.0013181999 0.0021135299 1.3333497047 2.0000000000
 1908.7873000 69.241981506 0.0010113079 0.0020444200 0.8443306684 2.0000000000
 1909.2873000 77.569740295 0.0007255666 0.0019620101 0.4757862687 2.0000000000
 1909.7873000 87.124099731 0.0004554800 0.0018802400 0.2059061527 2.0000000000
 1910.2873000 95.313758850 0.0002820592 0.0018094199 0.0859199241 2.0000000000
 1910.7873000 102.49334717 0.0001801843 0.0017646800 0.0370483361 2.0000000000
 1911.2873000 105.02095795 0.0001645093 0.0017572499 0.0311707295 2.0000000000
 1911.7873000 104.10549164 0.0002126338 0.0017819899 0.0504978672 2.0000000000
 1912.2873000 99.653640747 0.0002789172 0.0018350800 0.0814534724 2.0000000000
 1912.7873000 92.584388733 0.0003586406 0.0019039699 0.1241843030 2.0000000000
 1913.2873000 84.705940247 0.0004395965 0.0019793301 0.1713043600 2.0000000000
 1913.7873000 76.228569031 0.0005214647 0.0020497499 0.2232070714 2.0000000000
 1914.2873000 69.426200867 0.0007189910 0.0021067301 0.3994912803 2.0000000000
 1914.7873000 63.863563538 0.0010021199 0.0021439099 0.7467667460 2.0000000000
 1915.2873000 61.358280182 0.0012210594 0.0021565699 1.0944446325 2.0000000000
 1915.7873000 61.115852356 0.0013924900 0.0021454901 1.4395469427 2.0000000000
 1916.2873000 63.764301300 0.0014422197 0.0021112200 1.5998864174 2.0000000000
 1916.7873000 68.552391052 0.0014018738 0.0020695799 1.5793448687 2.0000000000
 1917.2873000 72.799011230 0.0012223504 0.0020322900 1.2497494221 2.0000000000
 1917.7873000 76.644874573 0.0009398166 0.0020081298 0.7584802508 2.0000000000
 1918.2873000 78.042640686 0.0007308692 0.0020035901 0.4609988332 2.0000000000
 1918.7873000 77.628486633 0.0005763858 0.0020157399 0.2829245329 2.0000000000
 1919.2873000 75.406753540 0.0005231061 0.0020423799 0.2264014781 2.0000000000
 1919.7873000 71.847167969 0.0005447311 0.0020625300 0.2402612418 2.0000000000
 1920.2873000 71.034347534 0.0005708298 0.0020606499 0.2643650770 2.0000000000
 1920.7873000 72.254516602 0.0006002400 0.0020383599 0.2993863523 2.0000000000
 1921.2873000 75.871017456 0.0005797577 0.0019968601 0.2922323346 2.0000000000
 1921.7873000 81.261131287 0.0005223483 0.0019438800 0.2516793907 2.0000000000
 1922.2873000 87.367805481 0.0004683413 0.0018851601 0.2164506018 2.0000000000
 1922.7873000 94.004837036 0.0004168524 0.0018323900 0.1825261861 2.0000000000
 1923.2873000 98.819290161 0.0003585694 0.0017942301 0.1414537579 2.0000000000
 1923.7873000 102.28479004 0.0002952578 0.0017750501 0.0982063040 2.0000000000
 1924.2873000 102.98107147 0.0002572422 0.0017780800 0.0742662326 2.0000000000
 1924.7873000 101.62774658 0.0002379490 0.0017978699 0.0620153993 2.0000000000
 1925.2873000 98.683799744 0.0003192567 0.0018304300 0.1073156819 2.0000000000
 1925.7873000 94.562553406 0.0004750227 0.0018778300 0.2245871723 2.0000000000
 1926.2873000 88.399253845 0.0006015653 0.0019416000 0.3346679807 2.0000000000
 1926.7873000 80.724555969 0.0007064788 0.0020103899 0.4275448322 2.0000000000
 1927.2873000 73.471206665 0.0008656912 0.0020758000 0.5982984900 2.0000000000
 1927.7873000 66.529708862 0.0010650920 0.0021520799 0.8365382552 2.0000000000
 1928.2873000 61.206089020 0.0014208892 0.0022497701 1.3502571583 3.0000000000
 1928.7873000 57.079910278 0.0018924403 0.0023015500 2.2782397270 3.0000000000
 1929.2873000 56.316429138 0.0021680114 0.0022576000 3.1196060181 3.0000000000
 1929.7873000 58.041793823 0.0022985307 0.0021839801 3.7718422413 2.0000000000
 1930.2873000 61.656303406 0.0022432539 0.0021296002 3.7975289822 2.0000000000
 1930.7873000 66.669036865 0.0020504626 0.0020874899 3.3153553009 2.0000000000
 1931.2873000 70.793937683 0.0016458640 0.0020524999 2.2169961929 2.0000000000
 1931.7873000 74.261718750 0.0010844993 0.0020300699 0.9861304164 2.0000000000
 1932.2873000 75.663002014 0.0007210226 0.0020242101 0.4386675358 2.0000000000
 1932.7873000 75.534790039 0.0005040098 0.0020318800 0.2125701159 2.0000000000
 1933.2873000 73.997451782 0.0004759991 0.0020508599 0.1857603937 2.0000000000
 1933.7873000 71.417182922 0.0005878756 0.0020713201 0.2772215605 2.0000000000
 1934.2873000 69.557388306 0.0008235794 0.0020860001 0.5356972814 2.0000000000
 1934.7873000 68.230842590 0.0011509319 0.0020961999 1.0350166559 2.0000000000
 1935.2873000 67.342918396 0.0013552579 0.0021028901 1.4251070023 2.0000000000
 1935.7873000 66.779640198 0.0014685277 0.0021062300 1.6674450636 2.0000000000
 1936.2873000 66.616294861 0.0015788258 0.0021063800 1.9270262718 2.0000000000
 1936.7873000 66.748947144 0.0016869241 0.0021008800 2.2126276493 2.0000000000
 1937.2873000 67.809745789 0.0017237520 0.0020879300 2.3419332504 2.0000000000
 1937.7873000 69.557502747 0.0017078299 0.0020630599 2.3602778912 2.0000000000
 1938.2873000 73.209129333 0.0016715017 0.0020229099 2.3608326912 2.0000000000
 1938.7873000 78.269874573 0.0016200695 0.0019757701 2.3358619213 2.0000000000
 1939.2873000 83.439460754 0.0014620613 0.0019277500 2.0082585812 2.0000000000
 1939.7873000 88.689590454 0.0012251723 0.0018941801 1.4657758474 2.0000000000
 1940.2873000 90.722671509 0.0012169118 0.0018864200 1.4591965675 2.0000000000
 1940.7873000 90.374694824 0.0013778674 0.0019000700 1.8412880898 2.0000000000
 1941.2873000 87.760414124 0.0015871481 0.0019318899 2.3554487228 2.0000000000
 1941.7873000 83.468757629 0.0018321956 0.0019641700 3.0265626907 2.0000000000
 1942.2873000 80.755691528 0.0019647703 0.0019837900 3.4051249027 2.0000000000
 1942.7873000 79.210990906 0.0020140989 0.0019882200 3.5607364178 2.0000000000
 1943.2873000 79.795555115 0.0017281789 0.0019755701 2.6586062908 2.0000000000
 1943.7873000 81.956069946 0.0011941293 0.0019543201 1.2999067307 2.0000000000
 1944.2873000 84.406204224 0.0007906406 0.0019307500 0.5852763057 2.0000000000
 1944.7873000 87.070701599 0.0004837844 0.0019203000 0.2217643261 2.0000000000
 1945.2873000 86.673637390 0.0003599749 0.0019344001 0.1208210140 2.0000000000
 1945.7873000 84.010604858 0.0003716447 0.0019648101 0.1244373173 2.0000000000
 1946.2873000 80.074531555 0.0005104419 0.0020054299 0.2244068682 2.0000000000
 1946.7873000 75.196235657 0.0007433306 0.0020524601 0.4522302449 2.0000000000
 1947.2873000 69.871078491 0.0010452302 0.0021030600 0.8475205302 2.0000000000
 1947.7873000 64.215179443 0.0013982075 0.0021468201 1.4494153261 2.0000000000
 1948.2873000 60.374462128 0.0016139818 0.0021760301 1.8747117519 2.0000000000
 1948.7873000 57.877235413 0.0017282071 0.0021855501 2.1289129257 2.0000000000
 1949.2873000 58.307258606 0.0016566506 0.0021716100 1.9840005636 2.0000000000
 1949.7873000 60.903839111 0.0014475898 0.0018851601 2.0678780079 2.0000000000
 1950.2873000 64.351112366 0.0011188491 0.0014004799 2.3753845692 1.0000000000
 1950.7873000 68.428009033 0.0007015286 0.0011705700 1.3855316639 1.0000000000
 1951.2873000 72.707672119 0.0006151290 0.0011304400 1.1502381563 1.0000000000
 1951.7873000 77.137420654 0.0007736555 0.0011025900 1.9221369028 1.0000000000
 1952.2873000 78.750846863 0.0009533394 0.0010973200 2.9495911598 1.0000000000
 1952.7873000 78.279815674 0.0011486827 0.0011000200 4.2591099739 1.0000000000
 1953.2873000 78.165763855 0.0014112283 0.0010998501 6.4307394028 1.0000000000
 1953.7873000 78.315925598 0.0017235132 0.0011008601 9.5723505020 1.0000000000
 1954.2873000 77.947807312 0.0017696265 0.0011060199 9.9881420135 1.0000000000
 1954.7873000 77.196090698 0.0016187361 0.0011087899 8.3115816116 1.0000000000
 1955.2873000 77.346405029 0.0014495512 0.0011043299 6.7243399620 1.0000000000
 1955.7873000 78.164337158 0.0012668254 0.0011027500 5.1520967484 1.0000000000
 1956.2873000 77.689445496 0.0010564580 0.0011115300 3.5210957527 1.0000000000
 1956.7873000 76.257682800 0.0008256319 0.0011296601 2.0753331184 1.0000000000
 1957.2873000 73.756515503 0.0006596828 0.0011563600 1.2585359812 1.0000000000
 1957.7873000 70.463836670 0.0005417517 0.0011883400 0.7993388772 1.0000000000
 1958.2873000 66.816436768 0.0010737434 0.0012231700 2.9466602802 1.0000000000
 1958.7873000 62.906497955 0.0020867661 0.0012510701 10.590780258 1.0000000000
 1959.2873000 60.761905670 0.0028562297 0.0012648100 19.370044708 1.0000000000
 1959.7873000 59.923904419 0.0034454267 0.0012603999 28.403223038 1.0000000000
 1960.2873000 61.718563080 0.0037007432 0.0012348801 34.277046204 1.0000000000
 1960.7873000 65.461738586 0.0037089442 0.0011918100 37.225894928 1.0000000000
 1961.2873000 71.065650940 0.0031436433 0.0011338100 29.845432281 1.0000000000
 1961.7873000 78.046760559 0.0021538739 0.0010721800 15.843517303 1.0000000000
 1962.2873000 84.439773560 0.0013734958 0.0010152700 7.2639899254 1.0000000000
 1962.7873000 90.397506714 0.0007480955 0.0009702800 2.3808960915 1.0000000000
 1963.2873000 94.201461792 0.0004935054 0.0009425700 1.1043173075 1.0000000000
 1963.7873000 96.411315918 0.0005133650 0.0009320200 1.2249462605 1.0000000000
 1964.2873000 96.490814209 0.0005913008 0.0009385500 1.6003339291 1.0000000000
 1964.7873000 94.993560791 0.0007122208 0.0009572700 2.2230722904 1.0000000000
 1965.2873000 92.427139282 0.0008579294 0.0009845800 3.0321512222 1.0000000000
 1965.7873000 89.069389343 0.0010219847 0.0010125500 4.0455036163 1.0000000000
 1966.2873000 86.356391907 0.0011521676 0.0010353600 4.8958735466 1.0000000000
 1966.7873000 84.120613098 0.0012572802 0.0010482400 5.6734938622 1.0000000000
 1967.2873000 83.562393188 0.0012502922 0.0010476600 5.6174368858 1.0000000000
 1967.7873000 84.245796204 0.0011603341 0.0010375499 4.9424958229 1.0000000000
 1968.2873000 85.756896973 0.0010063815 0.0010207900 3.8535873890 1.0000000000
 1968.7873000 87.880599976 0.0008050643 0.0010048500 2.5529267788 1.0000000000
 1969.2873000 89.216934204 0.0007927496 0.0009952100 2.5284805298 1.0000000000
 1969.7873000 89.970504761 0.0009203223 0.0010013100 3.3622429371 1.0000000000
 1970.2873000 87.894874573 0.0010808045 0.0010300900 4.3568124771 1.0000000000
 1970.7873000 83.725242615 0.0012656443 0.0010716501 5.4765462875 1.0000000000
 1971.2873000 78.875740051 0.0014817228 0.0011186700 6.8295102119 1.0000000000
 1971.7873000 73.523040771 0.0017209226 0.0011615400 8.4810085297 1.0000000000
 1972.2873000 69.573432922 0.0017244967 0.0011931600 8.0276355743 1.0000000000
 1972.7873000 66.662292480 0.0015536760 0.0012073300 6.3489761353 1.0000000000
 1973.2873000 66.498130798 0.0013453679 0.0011994700 4.8295364380 1.0000000000
 1973.7873000 68.367103577 0.0011093138 0.0011743000 3.4402890205 1.0000000000
 1974.2873000 71.959007263 0.0008897405 0.0011353199 2.3837821484 1.0000000000
 1974.7873000 76.826103210 0.0006823653 0.0010886600 1.5376973152 1.0000000000
 1975.2873000 82.084396362 0.0005254491 0.0010388601 1.0107313395 1.0000000000
 1975.7873000 87.632232666 0.0004058793 0.0009936601 0.6650749445 1.0000000000
 1976.2873000 91.893623352 0.0003359014 0.0009587700 0.4927785397 1.0000000000
 1976.7873000 95.202865601 0.0003026279 0.0009405900 0.4171931744 1.0000000000
 1977.2873000 95.838317871 0.0003435404 0.0009438500 0.5335425735 1.0000000000
 1977.7873000 94.494804382 0.0004393605 0.0009682500 0.8250294924 1.0000000000
 1978.2873000 90.544158936 0.0008803701 0.0010135600 2.9954478741 1.0000000000
 1978.7873000 84.663887024 0.0015768664 0.0010646899 8.6238031387 1.0000000000
 1979.2873000 79.450523376 0.0021235647 0.0011104600 14.256881714 1.0000000000
 1979.7873000 74.730758667 0.0025593920 0.0011440400 19.395587921 1.0000000000
 1980.2873000 72.161285400 0.0026700166 0.0011603900 20.459697723 1.0000000000
 1980.7873000 71.183303833 0.0025399474 0.0011634600 18.407562256 1.0000000000
 1981.2873000 71.495185852 0.0021558770 0.0011561899 13.445709229 1.0000000000
 1981.7873000 72.761726379 0.0015838107 0.0011525400 7.3074073792 1.0000000000
 1982.2873000 72.287750244 0.0011445808 0.0011628399 3.7423899174 1.0000000000
 1982.7873000 70.525543213 0.0008036673 0.0011847100 1.7709492445 1.0000000000
 1983.2873000 67.541801453 0.0008685768 0.0012163800 1.9519288540 1.0000000000
 1983.7873000 63.653961182 0.0012338499 0.0012490200 3.7159683704 1.0000000000
 1984.2873000 60.458961487 0.0014829268 0.0012760999 5.1202726364 1.0000000000
 1984.7873000 57.776752472 0.0016460030 0.0012902201 6.1574501991 1.0000000000
 1985.2873000 57.394729614 0.0017080515 0.0012859000 6.6795330048 1.0000000000
 1985.7873000 58.715152740 0.0016953265 0.0012686600 6.7787122726 1.0000000000
 1986.2873000 61.133689880 0.0015674062 0.0012426301 6.0647239685 1.0000000000
 1986.7873000 64.364982605 0.0013542257 0.0012115900 4.7862963676 1.0000000000
 1987.2873000 67.869537354 0.0012209665 0.0011783600 4.1361465454 1.0000000000
 1987.7873000 71.576347351 0.0011468594 0.0011449300 3.8878245354 1.0000000000
 1988.2873000 75.122322083 0.0011213052 0.0011128000 3.9566717148 1.0000000000
 1988.7873000 78.549247742 0.0011316864 0.0010850700 4.2603487968 1.0000000000
 1989.2873000 81.140747070 0.0010511937 0.0010640400 3.8375847340 1.0000000000
 1989.7873000 83.113914490 0.0009034417 0.0010526800 2.9023399353 1.0000000000
 1990.2873000 83.603767395 0.0007416593 0.0010532300 1.9536997080 1.0000000000
 1990.7873000 82.995780945 0.0005694926 0.0010627200 1.1294181347 1.0000000000
 1991.2873000 81.544128418 0.0004729563 0.0010789799 0.7533775568 1.0000000000
 1991.7873000 79.468048096 0.0004323969 0.0010964300 0.6078649163 1.0000000000
 1992.2873000 77.757492065 0.0004163838 0.0011109500 0.5475952625 1.0000000000
 1992.7873000 76.317459106 0.0004185384 0.0011219500 0.5414133072 1.0000000000
 1993.2873000 75.368698120 0.0005054105 0.0011290200 0.7786546946 1.0000000000
 1993.7873000 74.783546448 0.0006549850 0.0011364500 1.2889970541 1.0000000000
 1994.2873000 73.756782532 0.0008200324 0.0011474200 1.9782115221 1.0000000000
 1994.7873000 72.403160095 0.0009965320 0.0011564400 2.8715190887 1.0000000000
 1995.2873000 71.799270630 0.0011973220 0.0011594499 4.1216163635 1.0000000000
 1995.7873000 71.750274658 0.0014160902 0.0011534001 5.8321123123 1.0000000000
 1996.2873000 73.110321045 0.0014654670 0.0011360600 6.4575729370 1.0000000000
 1996.7873000 75.513259888 0.0013894710 0.0011067000 6.1494054794 1.0000000000
 1997.2873000 79.482063293 0.0012263305 0.0010647799 5.2148690224 1.0000000000
 1997.7873000 84.609825134 0.0009986914 0.0010228100 3.7784502506 1.0000000000
 1998.2873000 88.589767456 0.0007715011 0.0009900400 2.4223508835 1.0000000000
 1998.7873000 91.720176697 0.0005446431 0.0009726600 1.2551904917 1.0000000000
 1999.2873000 92.361976624 0.0004341957 0.0009752400 0.7930959463 1.0000000000
 1999.7873000 91.161857605 0.0004099079 0.0009893100 0.6849222779 1.0000000000
 2000.2873000 89.308746338 0.0004956867 0.0010086200 0.9598730206 1.0000000000
 2000.7873000 86.972343445 0.0006629295 0.0010164100 1.6880413294 1.0000000000
 2001.2873000 87.618133545 0.0007660013 0.0010002800 2.3344871998 1.0000000000
 2001.7873000 90.471153259 0.0008215776 0.0009545099 2.9770088196 1.0000000000
 2002.2873000 97.550765991 0.0007658083 0.0008748500 3.1331858635 1.0000000000
 2002.7873000 107.75862885 0.0006276282 0.0007790400 2.7162730694 0.0000000000
 2003.2873000 118.34116364 0.0004544951 0.0006802300 1.9196217060 0.0000000000
 2003.7873000 129.20100403 0.0002554921 0.0006059300 0.7823938131 0.0000000000
 2004.2873000 136.78489685 0.0001311580 0.0005765000 0.2300545126 0.0000000000
 2004.7873000 141.94413757 0.0000620890 0.0005413800 0.0592003129 0.0000000000
 2005.2873000 144.13916016 0.0000445021 0.0004631100 0.0428801514 0.0000000000
 2005.7873000 144.14024353 0.0000650190 0.0004937500 0.0794995800 0.0000000000
 2006.2873000 143.91250610 0.0000806206 0.0007458500 0.0493240133 0.0000000000
 2006.7873000 143.51539612 0.0000925841 0.0008825700 0.0449184552 1.0000000000
 2007.2873000 144.49632263 0.0000936459 0.0006545800 0.0886869133 0.0000000000
 2007.7873000 146.49719238 0.0000866389 0.0003679000 0.2696623504 0.0000000000
 2008.2873000 149.22084045 0.0000705211 0.0002489800 0.4217711091 0.0000000000
 2008.7873000 152.47941589 0.0000476602 0.0002638400 0.1695751250 0.0000000000
 2009.2873000 155.02232361 0.0000301350 0.0003873100 0.0291348435 0.0000000000
 2009.7873000 157.03555298 0.0000165589 0.0004639500 0.0059132809 0.0000000000
 2010.2873000 156.33474731 0.0000130614 0.0003787200 0.0057501863 0.0000000000
 2010.7873000 153.62518311 0.0000170234 0.0003203000 0.0141210919 0.0000000000
 2011.2873000 146.91992188 0.0000894338 0.0004283200 0.2056424022 0.0000000000
 2011.7873000 137.25726318 0.0002125052 0.0005928800 0.5678218007 0.0000000000
 2012.2873000 125.09467316 0.0003280801 0.0007326000 0.8496742845 0.0000000000
 2012.7873000 111.08177948 0.0004381065 0.0008569800 1.0730596781 1.0000000000
 2013.2873000 98.103446960 0.0005417265 0.0009730600 1.2406609058 1.0000000000
 2013.7873000 85.890838623 0.0006406050 0.0010701499 1.4073511362 1.0000000000
 2014.2873000 77.037033081 0.0006607862 0.0011403001 1.3022063971 1.0000000000
 2014.7873000 70.669197083 0.0006227208 0.0011894100 1.0540404320 1.0000000000
 2015.2873000 66.379997253 0.0006308587 0.0012218500 1.0195882320 1.0000000000
 2015.7873000 63.629264832 0.0006731931 0.0012575500 1.0897420645 1.0000000000
 2016.2873000 60.162689209 0.0007518177 0.0013113000 1.2395972013 1.0000000000
 2016.7873000 56.166294098 0.0008573019 0.0013785100 1.4439949989 1.0000000000
 2017.2873000 50.921806335 0.0020989785 0.0014557800 7.6772437096 1.0000000000
 2017.7873000 44.753559113 0.0041815913 0.0014929799 28.824676514 1.0000000000
 2018.2873000 39.364059448 0.0062533254 0.0014529701 68.431709290 2.0000000000
 2018.7873000 34.550930023 0.0083170068 0.0014023900 130.86477661 3.0000000000
 2019.2873000 32.414600372 0.0093136113 0.0013905800 167.18798828 3.0000000000
 2019.7873000 32.259464264 0.0095204320 0.0013738200 179.41868591 3.0000000000
 2020.2873000 34.520786285 0.0089815054 0.0013197600 174.42524719 3.0000000000
 2020.7873000 38.570613861 0.0078906249 0.0012820800 143.48600769 2.0000000000
 2021.2873000 43.253593445 0.0066778846 0.0013005399 99.587699890 2.0000000000
 2021.7873000 48.405193329 0.0053749513 0.0013228699 62.145740509 1.0000000000
 2022.2873000 52.764755249 0.0047061895 0.0013103600 48.649616241 1.0000000000
 2022.7873000 56.538101196 0.0045068003 0.0012876999 46.360099792 1.0000000000
 2023.2873000 58.834671021 0.0042636087 0.0012731700 42.540699005 1.0000000000
 2023.7873000 60.038223267 0.0039879968 0.0012668200 37.630222321 1.0000000000
 2024.2873000 60.212501526 0.0036923331 0.0012687200 32.151187897 1.0000000000
 2024.7873000 59.624980927 0.0033818290 0.0012724000 26.799779892 1.0000000000
 2025.2873000 59.415431976 0.0032285869 0.0012730401 24.399019241 1.0000000000
 2025.7873000 59.485633850 0.0031917400 0.0012658399 24.144693375 1.0000000000
 2026.2873000 60.975502014 0.0028210895 0.0012472700 19.485908508 1.0000000000
 2026.7873000 63.516109467 0.0022033788 0.0012184700 12.513697624 1.0000000000
 2027.2873000 67.224838257 0.0016310258 0.0011803100 7.3541121483 1.0000000000
 2027.7873000 71.798126221 0.0010922438 0.0011420500 3.5459444523 1.0000000000
 2028.2873000 75.526756287 0.0007790799 0.0011105600 1.9185427427 1.0000000000
 2028.7873000 78.630226135 0.0006329037 0.0010955599 1.3045952320 1.0000000000
 2029.2873000 78.784271240 0.0005256054 0.0011042000 0.8843304515 1.0000000000
 2029.7873000 76.755348206 0.0004470820 0.0011378700 0.5989224315 1.0000000000
 2030.2873000 71.478591919 0.0006545064 0.0011975700 1.1470061541 1.0000000000
 2030.7873000 63.798000336 0.0010735708 0.0012517200 2.7999196053 1.0000000000
 2031.2873000 54.987773895 0.0016133791 0.0012769300 6.0520887375 1.0000000000
 2031.7873000 45.341457367 0.0022425544 0.0013042700 11.160341263 1.0000000000
 2032.2873000 38.138237000 0.0027461953 0.0013567699 15.344373703 1.0000000000
 2032.7873000 32.743236542 0.0031569251 0.0014524600 17.454177856 1.0000000000
 2033.2873000 30.661293030 0.0031969610 0.0016047200 14.374617577 2.0000000000
 2033.7873000 31.031463623 0.0029626335 0.0017232900 10.552794456 2.0000000000
 2034.2873000 32.725273132 0.0028051017 0.0017414001 9.2452869415 2.0000000000
 2034.7873000 35.398761749 0.0027044080 0.0016966801 9.0996465683 2.0000000000
 2035.2873000 37.618759155 0.0028283261 0.0016169900 11.063762665 2.0000000000
 2035.7873000 39.503112793 0.0031184868 0.0014965200 15.948001862 1.0000000000
 2036.2873000 41.172485352 0.0032586809 0.0013309801 22.537525177 1.0000000000
 2036.7873000 42.682746887 0.0032878802 0.0012628899 25.753002167 1.0000000000
 2037.2873000 45.608348846 0.0030165790 0.0013977200 17.342233658 1.0000000000
 2037.7873000 49.581497192 0.0025228676 0.0015068400 10.281138420 2.0000000000
 2038.2873000 53.873512268 0.0019400526 0.0014210499 6.9165015221 1.0000000000
 2038.7873000 58.401531219 0.0012912889 0.0012921600 3.7770345211 1.0000000000
 2039.2873000 62.208721161 0.0009318359 0.0012325300 2.1823499203 1.0000000000
 2039.7873000 65.482398987 0.0007865120 0.0012047100 1.6348173618 1.0000000000
 2040.2873000 68.245079041 0.0007340774 0.0011809900 1.4877912998 1.0000000000
 2040.7873000 70.629539490 0.0007503935 0.0011563500 1.6284769773 1.0000000000
 2041.2873000 73.592521667 0.0007087072 0.0011270699 1.5368864536 1.0000000000
 2041.7873000 76.983688354 0.0006240912 0.0010942400 1.2718869448 1.0000000000
 2042.2873000 80.717308044 0.0005270796 0.0010586600 0.9756367803 1.0000000000
 2042.7873000 84.704391479 0.0004208937 0.0010269100 0.6652327180 1.0000000000
 2043.2873000 87.605644226 0.0003585002 0.0010038799 0.5073164701 1.0000000000
 2043.7873000 89.703254700 0.0003285191 0.0009901600 0.4391058981 1.0000000000
 2044.2873000 90.582160950 0.0003247839 0.0009862101 0.4329685271 1.0000000000
 2044.7873000 90.559066772 0.0003404746 0.0009887699 0.4731075466 1.0000000000
 2045.2873000 90.027206421 0.0003406764 0.0009954100 0.4667450786 1.0000000000
 2045.7873000 89.118774414 0.0003294145 0.0010020300 0.4300786853 1.0000000000
 2046.2873000 88.592742920 0.0003296168 0.0010055699 0.4272790253 1.0000000000
 2046.7873000 88.349739075 0.0003383041 0.0010069100 0.4487816095 1.0000000000
 2047.2873000 88.301109314 0.0003401077 0.0010066900 0.4537978172 1.0000000000
 2047.7873000 88.396339417 0.0003368164 0.0010057699 0.4459534585 1.0000000000
 2048.2873000 88.500602722 0.0003186632 0.0010047801 0.4000439048 1.0000000000
 2048.7873000 88.611557007 0.0002895100 0.0010052100 0.3298847377 1.0000000000
 2049.2873000 88.408462524 0.0002571797 0.0010081499 0.2586532831 1.0000000000
 2049.7873000 87.972946167 0.0002224978 0.0010129299 0.1915917397 1.0000000000
 2050.2873000 87.370536804 0.0001940596 0.0010190500 0.1438269764 1.0000000000
 2050.7873000 86.644615173 0.0001702426 0.0010260199 0.1090420336 1.0000000000
 2051.2873000 85.858657837 0.0002513889 0.0010334700 0.2340113670 1.0000000000
 2051.7873000 85.028282166 0.0004102223 0.0010421299 0.6118012667 1.0000000000
 2052.2873000 83.978706360 0.0006351862 0.0010525599 1.4350234270 1.0000000000
 2052.7873000 82.766891479 0.0009090955 0.0010658400 2.8595423698 1.0000000000
 2053.2873000 81.095252991 0.0011670820 0.0010828100 4.5518484116 1.0000000000
 2053.7873000 79.083267212 0.0014132836 0.0011021299 6.4201698303 1.0000000000
 2054.2873000 76.902832031 0.0015508413 0.0011228101 7.4209728241 1.0000000000
 2054.7873000 74.597709656 0.0016079873 0.0011408600 7.7028961182 1.0000000000
 2055.2873000 72.986099243 0.0015180391 0.0011533500 6.7027263641 1.0000000000
 2055.7873000 71.887779236 0.0013192209 0.0011579600 5.0177516937 1.0000000000
 2056.2873000 71.985237122 0.0010868822 0.0011529800 3.4384050369 1.0000000000
 2056.7873000 72.967735291 0.0008297341 0.0011402899 2.0532612801 1.0000000000
 2057.2873000 74.738731384 0.0006725837 0.0011212800 1.3999795914 1.0000000000
 2057.7873000 77.093322754 0.0005894452 0.0011028700 1.1151503325 1.0000000000
 2058.2873000 78.735366821 0.0005880147 0.0010901600 1.1384075880 1.0000000000
 2058.7873000 79.850044250 0.0006470588 0.0010861601 1.3897001743 1.0000000000
 2059.2873000 79.603965759 0.0007863178 0.0010930700 2.0238142014 1.0000000000
 2059.7873000 78.350738525 0.0009849461 0.0011069600 3.0884084702 1.0000000000
 2060.2873000 76.590148926 0.0011267739 0.0011249200 3.9012696743 1.0000000000
 2060.7873000 74.454032898 0.0012265613 0.0011409100 4.4815211296 1.0000000000
 2061.2873000 73.119308472 0.0012175788 0.0011504800 4.3357095718 1.0000000000
 2061.7873000 72.377723694 0.0011280918 0.0011528400 3.7050752640 1.0000000000
 2062.2873000 72.605148315 0.0010394981 0.0011474401 3.1786406040 1.0000000000
 2062.7873000 73.549781799 0.0009515659 0.0011374700 2.7152502537 1.0000000000
 2063.2873000 74.767791748 0.0009202093 0.0011253200 2.5999557972 1.0000000000
 2063.7873000 76.188148499 0.0009307264 0.0011107700 2.7369751930 1.0000000000
 2064.2873000 77.924613953 0.0010212249 0.0010936799 3.4094493389 1.0000000000
 2064.7873000 79.895042419 0.0011709204 0.0010732900 4.6717238426 1.0000000000
 2065.2873000 82.349639893 0.0011977956 0.0010490200 5.1409239769 1.0000000000
 2065.7873000 85.162582397 0.0011337668 0.0010252000 4.8447189331 1.0000000000
 2066.2873000 87.518333435 0.0010257588 0.0010050500 4.1426439285 1.0000000000
 2066.7873000 89.535697937 0.0008851998 0.0009937501 3.1628077030 1.0000000000
 2067.2873000 89.969490051 0.0008758161 0.0009951500 3.0865342617 1.0000000000
 2067.7873000 89.231231689 0.0009635199 0.0010053900 3.6524593830 1.0000000000
 2068.2873000 87.748947144 0.0011281210 0.0010215900 4.8339576721 1.0000000000
 2068.7873000 85.715972900 0.0013496366 0.0010380900 6.6790804863 1.0000000000
 2069.2873000 84.169052124 0.0014178792 0.0010506900 7.1785116196 1.0000000000
 2069.7873000 82.981864929 0.0013726798 0.0010576800 6.6306953430 1.0000000000
 2070.2873000 82.652175903 0.0012679402 0.0010578000 5.6560034752 1.0000000000
 2070.7873000 82.957138062 0.0011191330 0.0010543499 4.4380979538 1.0000000000
 2071.2873000 83.400177002 0.0010145988 0.0010497901 3.6826736927 1.0000000000
 2071.7873000 83.945411682 0.0009428322 0.0010456600 3.2078180313 1.0000000000
 2072.2873000 84.297340393 0.0009253669 0.0010430700 3.1069788933 1.0000000000
 2072.7873000 84.506195068 0.0009480913 0.0010395501 3.2857949734 1.0000000000
 2073.2873000 85.062675476 0.0009285143 0.0010332300 3.1940655708 1.0000000000
 2073.7873000 85.876434326 0.0008776286 0.0010280299 2.8854186535 1.0000000000
 2074.2873000 86.192504883 0.0008229736 0.0010268100 2.5438623428 1.0000000000
 2074.7873000 86.140220642 0.0007655291 0.0010296900 2.1876060963 1.0000000000
 2075.2873000 85.566780090 0.0007771385 0.0010367500 2.2208230495 1.0000000000
 2075.7873000 84.607620239 0.0008398572 0.0010470600 2.5378937721 1.0000000000
 2076.2873000 83.330390930 0.0008462713 0.0010599199 2.5085251331 1.0000000000
 2076.7873000 81.817764282 0.0008110125 0.0010716000 2.2489671707 1.0000000000
 2077.2873000 80.794769287 0.0007291174 0.0010793600 1.7890770435 1.0000000000
 2077.7873000 80.134162903 0.0006127053 0.0010820500 1.2564902306 1.0000000000
 2078.2873000 80.211784363 0.0005011753 0.0010788200 0.8462361097 1.0000000000
 2078.7873000 80.835777283 0.0003932586 0.0010747999 0.5253341794 1.0000000000
 2079.2873000 81.084388733 0.0003862774 0.0010737900 0.5078974366 1.0000000000
 2079.7873000 81.055160522 0.0004540022 0.0010752301 0.6995404363 1.0000000000
 2080.2873000 80.769287109 0.0005861285 0.0010787400 1.1576273441 1.0000000000
 2080.7873000 80.293457031 0.0007659207 0.0010819500 1.9638657570 1.0000000000
 2081.2873000 80.074043274 0.0008782701 0.0010831000 2.5762343407 1.0000000000
 2081.7873000 80.044410706 0.0009407025 0.0010785100 2.9832623005 1.0000000000
 2082.2873000 81.069557190 0.0008927949 0.0010654600 2.7600796223 1.0000000000
 2082.7873000 82.875396729 0.0007632205 0.0010468400 2.0968310833 1.0000000000
 2083.2873000 85.110618591 0.0005828694 0.0010247800 1.2816077471 1.0000000000
 2083.7873000 87.663650513 0.0003649367 0.0010050600 0.5243395567 1.0000000000
 2084.2873000 89.388526917 0.0002327780 0.0009919900 0.2195674330 1.0000000000
 2084.7873000 90.500465393 0.0001641038 0.0009841600 0.1110433862 1.0000000000
 2085.2873000 91.087974548 0.0001555824 0.0009805301 0.1006252170 1.0000000000
 2085.7873000 91.287315369 0.0001915822 0.0009780600 0.1534285396 1.0000000000
 2086.2873000 91.624931335 0.0002096186 0.0009744700 0.1851692945 1.0000000000
 2086.7873000 92.064888000 0.0002143596 0.0009689200 0.1960887015 1.0000000000
 2087.2873000 92.828605652 0.0002150906 0.0009607700 0.2011314631 1.0000000000
 2087.7873000 93.831954956 0.0002128535 0.0009558501 0.1992067993 1.0000000000
 2088.2873000 93.897956848 0.0002121328 0.0009584400 0.1966857761 1.0000000000
 2088.7873000 93.270195007 0.0002125346 0.0009663800 0.1938803494 1.0000000000
 2089.2873000 92.174232483 0.0002615465 0.0009780801 0.2859395146 1.0000000000
 2089.7873000 90.731742859 0.0003465367 0.0009878500 0.4911093712 1.0000000000
 2090.2873000 90.053314209 0.0004240577 0.0009915000 0.7294675112 1.0000000000
 2090.7873000 89.940414429 0.0004960506 0.0009851300 1.0124329329 1.0000000000
 2091.2873000 91.437713623 0.0005120410 0.0009658400 1.1267254353 1.0000000000
 2091.7873000 94.126800537 0.0004865821 0.0009401500 1.0796387196 1.0000000000
 2092.2873000 97.010742188 0.0004336412 0.0009129000 0.9148080945 1.0000000000
 2092.7873000 100.03890228 0.0003603600 0.0008903200 0.6675312519 1.0000000000
 2093.2873000 101.91275024 0.0003218639 0.0008769900 0.5504985452 1.0000000000
 2093.7873000 102.93226624 0.0003091135 0.0008732400 0.5125568509 1.0000000000
 2094.2873000 102.72441864 0.0003597412 0.0008793500 0.6836354733 1.0000000000
 2094.7873000 101.60816193 0.0004572773 0.0008925500 1.0689755678 1.0000000000
 2095.2873000 99.858390808 0.0005018858 0.0009108401 1.2315078974 1.0000000000
 2095.7873000 97.639732361 0.0005073207 0.0009308300 1.1996384859 1.0000000000
 2096.2873000 95.519309998 0.0004725886 0.0009500300 0.9952780008 1.0000000000
 2096.7873000 93.471595764 0.0004081274 0.0009648500 0.7174308896 1.0000000000
 2097.2873000 92.304298401 0.0003365137 0.0009726100 0.4792260528 1.0000000000
 2097.7873000 91.788635254 0.0002596062 0.0009703200 0.2866930962 1.0000000000
 2098.2873000 92.802719116 0.0002424216 0.0009557500 0.2584552169 1.0000000000
 2098.7873000 94.949020386 0.0002694401 0.0009334100 0.3363296986 1.0000000000
 2099.2873000 97.650016785 0.0002656234 0.0009066300 0.3484869301 1.0000000000
 2099.7873000 100.76158142 0.0002389844 0.0008806300 0.3007417023 1.0000000000
 2100.2873000 103.29199982 0.0002108177 0.0008592900 0.2470054477 1.0000000000
 2100.7873000 105.39230347 0.0001815201 0.0008450300 0.1899899691 1.0000000000
 2101.2873000 106.38774872 0.0001460166 0.0008396200 0.1246872991 1.0000000000
 2101.7873000 106.56548309 0.0001059198 0.0008403600 0.0654833391 1.0000000000
 2102.2873000 106.22673035 0.0000917787 0.0008452400 0.0485431701 1.0000000000
 2102.7873000 105.50572205 0.0000968483 0.0008547200 0.0527438223 1.0000000000
 2103.2873000 104.16915131 0.0001014408 0.0008691400 0.0557735339 1.0000000000
 2103.7873000 102.37698364 0.0001056803 0.0008864400 0.0579641275 1.0000000000
 2104.2873000 100.41458130 0.0001615567 0.0009051100 0.1293918937 1.0000000000
 2104.7873000 98.326202393 0.0002556516 0.0009201700 0.3124547303 1.0000000000
 2105.2873000 97.144500732 0.0003839068 0.0009279700 0.6916348934 1.0000000000
 2105.7873000 96.633880615 0.0005374453 0.0009269800 1.3586692810 1.0000000000
 2106.2873000 97.362106323 0.0006529316 0.0009160400 2.0583703518 1.0000000000
 2106.7873000 99.007240295 0.0007402542 0.0009009100 2.7444963455 1.0000000000
 2107.2873000 100.64575195 0.0007582203 0.0008858300 2.9882709980 1.0000000000
 2107.7873000 102.27935791 0.0007248537 0.0008775700 2.7879228592 1.0000000000
 2108.2873000 102.43942261 0.0006297988 0.0008811200 2.0860588551 1.0000000000
 2108.7873000 101.50885773 0.0004890860 0.0008922200 1.2238613367 1.0000000000
 2109.2873000 100.02873230 0.0004321747 0.0009077400 0.9200332761 1.0000000000
 2109.7873000 98.141830444 0.0004372877 0.0009222800 0.9095703959 1.0000000000
 2110.2873000 96.872741699 0.0004793132 0.0009318700 1.0682111979 1.0000000000
 2110.7873000 96.060920715 0.0005486591 0.0009344700 1.3911098242 1.0000000000
 2111.2873000 96.310821533 0.0005787802 0.0009285400 1.5698781013 1.0000000000
 2111.7873000 97.346542358 0.0005798696 0.0009202300 1.6072692871 1.0000000000
 2112.2873000 98.114334106 0.0005838564 0.0009140700 1.6537022591 1.0000000000
 2112.7873000 98.683815002 0.0005899877 0.0009121000 1.6966511011 1.0000000000
 2113.2873000 98.540634155 0.0006250982 0.0009158500 1.8874821663 1.0000000000
 2113.7873000 97.869987488 0.0006816574 0.0009231000 2.2058961391 1.0000000000
 2114.2873000 96.966758728 0.0007586507 0.0009322200 2.6738874912 1.0000000000
 2114.7873000 95.891387939 0.0008507678 0.0009410000 3.2940101624 1.0000000000
 2115.2873000 95.061157227 0.0009642430 0.0009478200 4.1646261215 1.0000000000
 2115.7873000 94.412361145 0.0010935261 0.0009521000 5.3034276962 1.0000000000
 2116.2873000 94.132316589 0.0012517928 0.0009534200 6.9285044670 1.0000000000
 2116.7873000 94.125190735 0.0014315112 0.0009573700 8.9787092209 1.0000000000
 2117.2873000 93.275009155 0.0015099628 0.0009680900 9.7480525970 1.0000000000
 2117.7873000 91.800842285 0.0015134632 0.0009879500 9.3654098511 1.0000000000
 2118.2873000 88.964546204 0.0014638059 0.0010187400 8.1889381409 1.0000000000
 2118.7873000 85.120079041 0.0013748046 0.0010580800 6.6457080841 1.0000000000
 2119.2873000 80.427574158 0.0013109624 0.0011042200 5.5012078285 1.0000000000
 2119.7873000 75.107391357 0.0012657412 0.0011490700 4.6981573105 1.0000000000
 2120.2873000 70.694862366 0.0013499594 0.0011866400 4.9789714813 1.0000000000
 2120.7873000 66.954109192 0.0015299803 0.0012116600 6.1084918976 1.0000000000
 2121.2873000 65.265655518 0.0015933547 0.0012202200 6.5232052803 1.0000000000
 2121.7873000 65.096176147 0.0015703954 0.0012184300 6.3570666313 1.0000000000
 2122.2873000 65.652900696 0.0014825847 0.0012108200 5.7446546555 1.0000000000
 2122.7873000 66.747108459 0.0013467756 0.0012053200 4.7881226540 1.0000000000
 2123.2873000 66.846755981 0.0014387348 0.0012078000 5.4396686554 1.0000000000
 2123.7873000 66.210281372 0.0016992732 0.0012192200 7.4326872826 1.0000000000
 2124.2873000 64.368186951 0.0020928259 0.0012403100 10.856745720 1.0000000000
 2124.7873000 61.633781433 0.0025848269 0.0012689399 15.750436783 1.0000000000
 2125.2873000 59.297039032 0.0028084717 0.0013035401 17.525339127 1.0000000000
 2125.7873000 57.254623413 0.0028334963 0.0013242599 17.230751038 1.0000000000
 2126.2873000 56.276649475 0.0027017258 0.0013163900 15.872176170 1.0000000000
 2126.7873000 56.086498260 0.0024539051 0.0013021401 13.411229134 1.0000000000
 2127.2873000 56.219100952 0.0023441007 0.0012979200 12.325572014 1.0000000000
 2127.7873000 56.590583801 0.0023364464 0.0013050600 12.098306656 1.0000000000
 2128.2873000 55.916564941 0.0030462060 0.0013245700 19.904611588 1.0000000000
 2128.7873000 54.468742371 0.0042869491 0.0013757600 36.266262054 1.0000000000
 2129.2873000 53.021137238 0.0057522049 0.0014729300 56.191173553 2.0000000000
 2129.7873000 51.573696136 0.0073836325 0.0015596300 81.638053894 2.0000000000
 2130.2873000 51.350135803 0.0079467986 0.0015941000 90.126014709 2.0000000000
 2130.7873000 52.032409668 0.0077193053 0.0015561300 89.671722412 2.0000000000
 2131.2873000 54.140670776 0.0069654360 0.0014307899 87.827331543 2.0000000000
 2131.7873000 57.304351807 0.0058219749 0.0013082300 74.719787598 2.0000000000
 2132.2873000 60.112178802 0.0042927456 0.0012552100 44.493259430 1.0000000000
 2132.7873000 62.656627655 0.0024779940 0.0012356000 15.348612785 1.0000000000
 2133.2873000 64.367927551 0.0015299898 0.0012226700 5.9882059097 1.0000000000
 2133.7873000 65.462593079 0.0012234951 0.0012108400 3.9121332169 1.0000000000
 2134.2873000 66.935424805 0.0009643334 0.0011959700 2.4972949028 1.0000000000
 2134.7873000 68.688148499 0.0007402045 0.0011746900 1.5306371450 1.0000000000
 2135.2873000 71.553207397 0.0007206234 0.0011445000 1.5362503529 1.0000000000
 2135.7873000 75.241546631 0.0008524355 0.0011122300 2.2892587185 1.0000000000
 2136.2873000 78.555473328 0.0010840660 0.0010829699 3.9260456562 1.0000000000
 2136.7873000 81.592285156 0.0013895757 0.0010676100 6.6566634178 1.0000000000
 2137.2873000 81.887237549 0.0015821301 0.0010742400 8.5125856400 1.0000000000
 2137.7873000 80.152847290 0.0016910821 0.0010962900 9.3002252579 1.0000000000
 2138.2873000 77.101585388 0.0017549444 0.0011289100 9.3902301788 1.0000000000
 2138.7873000 73.075668335 0.0017854344 0.0011598000 9.1589355469 1.0000000000
 2139.2873000 70.397644043 0.0016518815 0.0011798800 7.5494365692 1.0000000000
 2139.7873000 68.717247009 0.0013969147 0.0011814300 5.3832211494 1.0000000000
 2140.2873000 70.060462952 0.0011763035 0.0011587400 3.9835433960 1.0000000000
 2140.7873000 73.641563416 0.0009811202 0.0011250899 2.9568715096 1.0000000000
 2141.2873000 77.364700317 0.0007888491 0.0010902900 2.0483088493 1.0000000000
 2141.7873000 81.192970276 0.0005987335 0.0010681900 1.2343559265 1.0000000000
 2142.2873000 82.161445618 0.0005596284 0.0010690100 1.0765634775 1.0000000000
 2142.7873000 81.013290405 0.0006322918 0.0010884100 1.3209655285 1.0000000000
 2143.2873000 77.953079224 0.0006924658 0.0011231400 1.4785708189 1.0000000000
 2143.7873000 73.477684021 0.0007433962 0.0011621400 1.5807824135 1.0000000000
 2144.2873000 69.489326477 0.0008011084 0.0011972300 1.7194594145 1.0000000000
 2144.7873000 65.861442566 0.0008638400 0.0012189400 1.9217882156 1.0000000000
 2145.2873000 64.777900696 0.0009167218 0.0012202500 2.1591742039 1.0000000000
 2145.7873000 65.577507019 0.0009623129 0.0012082400 2.4316189289 1.0000000000
 2146.2873000 67.384330750 0.0009976267 0.0011881500 2.7115604877 1.0000000000
 2146.7873000 69.936630249 0.0010253338 0.0011671301 2.9789838791 1.0000000000
 2147.2873000 71.945899963 0.0009538530 0.0011504600 2.6610043049 1.0000000000
 2147.7873000 73.553253174 0.0008089597 0.0011422500 1.9443712234 1.0000000000
 2148.2873000 73.728347778 0.0006272444 0.0011455200 1.1616294384 1.0000000000
 2148.7873000 72.843391418 0.0004182756 0.0011611601 0.5013747215 1.0000000000
 2149.2873000 70.334587097 0.0003225869 0.0011898200 0.2826406062 1.0000000000
 2149.7873000 66.623924255 0.0003107406 0.0012245299 0.2461859882 1.0000000000
 2150.2873000 62.801807404 0.0003884175 0.0012601400 0.3611404598 1.0000000000
 2150.7873000 58.897197723 0.0005323536 0.0013006701 0.6327506900 1.0000000000
 2151.2873000 55.043071747 0.0007350083 0.0013490900 1.1129981279 1.0000000000
 2151.7873000 51.226303101 0.0009811225 0.0013541200 1.9669836760 1.0000000000
 2152.2873000 48.810512543 0.0012235676 0.0012777600 3.4759018421 1.0000000000
 2152.7873000 47.431621552 0.0014632974 0.0012152700 5.5511770248 1.0000000000
 2153.2873000 47.552581787 0.0015230302 0.0012371599 5.7820277214 1.0000000000
 2153.7873000 48.783630371 0.0014495410 0.0012973601 4.7176728249 1.0000000000
 2154.2873000 51.243991852 0.0012807183 0.0013617601 3.3104412556 1.0000000000
 2154.7873000 54.614215851 0.0010413356 0.0013785199 2.1304569244 1.0000000000
 2155.2873000 58.949779510 0.0008119312 0.0013092600 1.4507129192 1.0000000000
 2155.7873000 63.999832153 0.0005899121 0.0012245100 0.8872734308 1.0000000000
 2156.2873000 68.168533325 0.0004692028 0.0011764900 0.6129528880 1.0000000000
 2156.7873000 71.684913635 0.0004234765 0.0011466600 0.5283264518 1.0000000000
 2157.2873000 74.639839172 0.0004010191 0.0011213400 0.4976317585 1.0000000000
 2157.7873000 77.179214478 0.0003957839 0.0011033900 0.5022412539 1.0000000000
 2158.2873000 78.533958435 0.0003822671 0.0010949500 0.4765039384 1.0000000000
 2158.7873000 79.011924744 0.0003626209 0.0010924200 0.4309714735 1.0000000000
 2159.2873000 79.081695557 0.0003378960 0.0010931700 0.3736398518 1.0000000000
 2159.7873000 78.849334717 0.0003094123 0.0010966400 0.3111243546 1.0000000000
 2160.2873000 78.328796387 0.0002962507 0.0011024200 0.2819389701 1.0000000000
 2160.7873000 77.594947815 0.0002944297 0.0011078800 0.2754730284 1.0000000000
 2161.2873000 77.145103455 0.0002980004 0.0011110600 0.2804213464 1.0000000000
 2161.7873000 76.905448914 0.0003055618 0.0011112300 0.2947334051 1.0000000000
 2162.2873000 77.106765747 0.0003150914 0.0011078700 0.3154987991 1.0000000000
 2162.7873000 77.634460449 0.0003260777 0.0011040900 0.3404336274 1.0000000000
 2163.2873000 77.926963806 0.0003645177 0.0011022000 0.4270358086 1.0000000000
 2163.7873000 78.045379639 0.0004232770 0.0011059800 0.5714855790 1.0000000000
 2164.2873000 77.106964111 0.0005833862 0.0011182301 1.0596042871 1.0000000000
 2164.7873000 75.386344910 0.0008185081 0.0011351201 2.0181527138 1.0000000000
 2165.2873000 73.442779541 0.0010639791 0.0011537999 3.2898726463 1.0000000000
 2165.7873000 71.334205627 0.0013171101 0.0011659900 4.9262399673 1.0000000000
 2166.2873000 70.797065735 0.0014205913 0.0011655800 5.7351617813 1.0000000000
 2166.7873000 71.422988892 0.0014133115 0.0011533300 5.8100233078 1.0000000000
 2167.2873000 73.455032349 0.0012860203 0.0011298000 5.0337562561 1.0000000000
 2167.7873000 76.527793884 0.0010699045 0.0011054000 3.6555035114 1.0000000000
 2168.2873000 78.749511719 0.0008839689 0.0010878299 2.5848762989 1.0000000000
 2168.7873000 80.341323853 0.0007203706 0.0010811001 1.7402311563 1.0000000000
 2169.2873000 80.210014343 0.0007546876 0.0010881900 1.8827127218 1.0000000000
 2169.7873000 78.803344727 0.0009354890 0.0011068300 2.7867584229 1.0000000000
 2170.2873000 76.164718628 0.0012678171 0.0011353500 4.8398036957 1.0000000000
 2170.7873000 72.614265442 0.0017122956 0.0011616601 8.3942813873 1.0000000000
 2171.2873000 70.456825256 0.0019357136 0.0011767900 10.426642418 1.0000000000
 2171.7873000 69.330406189 0.0019955165 0.0011836800 10.939440727 1.0000000000
 2172.2873000 68.961585999 0.0018702482 0.0011844900 9.5946559906 1.0000000000
 2172.7873000 69.153488159 0.0016080022 0.0011811700 7.1365118027 1.0000000000
 2173.2873000 69.680740356 0.0012082089 0.0011751701 4.0743885040 1.0000000000
 2173.7873000 70.456207275 0.0007066117 0.0011709100 1.4047853947 1.0000000000
 2174.2873000 70.605384827 0.0004460124 0.0011716700 0.5588845611 1.0000000000
 2174.7873000 70.291023254 0.0003637840 0.0011745200 0.3698232472 1.0000000000
 2175.2873000 69.987243652 0.0003460296 0.0011772900 0.3328762949 1.0000000000
 2175.7873000 69.691299438 0.0003759947 0.0011746601 0.3949630857 1.0000000000
 2176.2873000 70.558662415 0.0004314326 0.0011627000 0.5318595171 1.0000000000
 2176.7873000 72.287017822 0.0005057239 0.0011417100 0.7606837749 1.0000000000
 2177.2873000 75.111785889 0.0006145656 0.0011119400 1.1905771494 1.0000000000
 2177.7873000 78.748046875 0.0007489794 0.0010730500 1.9123873711 1.0000000000
 2178.2873000 83.549423218 0.0007891129 0.0010248200 2.3488404751 1.0000000000
 2178.7873000 89.213142395 0.0007594662 0.0009731400 2.4379858971 1.0000000000
 2179.2873000 94.765129089 0.0006869019 0.0009223500 2.2439787388 1.0000000000
 2179.7873000 100.23442841 0.0005825727 0.0008761700 1.8071984053 1.0000000000
 2180.2873000 104.78739929 0.0004198464 0.0008373300 1.0370706320 1.0000000000
 2180.7873000 108.66214752 0.0002138985 0.0008070200 0.2919242382 1.0000000000
 2181.2873000 111.36306763 0.0001541742 0.0007861300 0.1606703699 0.0000000000
 2181.7873000 113.19519043 0.0002026752 0.0007677500 0.2924943566 0.0000000000
 2182.2873000 115.35283661 0.0002338620 0.0007467600 0.4139242768 0.0000000000
 2182.7873000 117.75141144 0.0002522339 0.0007233700 0.5164329410 0.0000000000
 2183.2873000 120.42700195 0.0002434947 0.0006977600 0.5209857225 0.0000000000
 2183.7873000 123.30760193 0.0002146896 0.0006714300 0.4407782555 0.0000000000
 2184.2873000 126.14218140 0.0001722671 0.0006454700 0.3095118999 0.0000000000
 2184.7873000 128.94270325 0.0001197660 0.0006288500 0.1584396362 0.0000000000
 2185.2873000 129.74830627 0.0000885351 0.0006282300 0.0867701396 0.0000000000
 2185.7873000 129.07739258 0.0000730470 0.0006378000 0.0571345799 0.0000000000
 2186.2873000 127.67124176 0.0000836377 0.0006532700 0.0710558966 0.0000000000
 2186.7873000 125.72090149 0.0001135302 0.0006746800 0.1219571382 0.0000000000
 2187.2873000 123.02458191 0.0001344515 0.0007020800 0.1567043066 0.0000000000
 2187.7873000 119.77613831 0.0001487330 0.0007268700 0.1776682436 0.0000000000
 2188.2873000 117.64447784 0.0001557936 0.0007427100 0.1859074980 0.0000000000
 2188.7873000 116.33937836 0.0001575098 0.0007520800 0.1848562658 0.0000000000
 2189.2873000 115.60807800 0.0001418845 0.0007568600 0.1479229480 0.0000000000
 2189.7873000 115.30146027 0.0001134241 0.0007572600 0.0944217145 0.0000000000
 2190.2873000 115.52374268 0.0001007845 0.0007534000 0.0753929466 0.0000000000
 2190.7873000 116.13746643 0.0000998542 0.0007455200 0.0757395104 0.0000000000
 2191.2873000 117.23467255 0.0001058541 0.0007337600 0.0881447941 0.0000000000
 2191.7873000 118.68971252 0.0001169833 0.0007180700 0.1128965095 0.0000000000
 2192.2873000 120.64050293 0.0001204260 0.0006984000 0.1271777600 0.0000000000
 2192.7873000 122.95822144 0.0001181798 0.0006759700 0.1315970421 0.0000000000
 2193.2873000 125.50898743 0.0001055754 0.0006516600 0.1138359085 0.0000000000
 2193.7873000 128.23222351 0.0000853046 0.0006335300 0.0790782347 0.0000000000
 2194.2873000 129.44125366 0.0000748177 0.0006275501 0.0621130355 0.0000000000
 2194.7873000 129.52952576 0.0000715723 0.0006359300 0.0552064516 0.0000000000
 2195.2873000 127.62294006 0.0000979607 0.0006603100 0.0952046737 0.0000000000
 2195.7873000 124.23989868 0.0001462820 0.0006932100 0.1907564849 0.0000000000
 2196.2873000 120.48294067 0.0001853732 0.0007291200 0.2741169333 0.0000000000
 2196.7873000 116.44922638 0.0002176327 0.0007613200 0.3435582221 0.0000000000
 2197.2873000 113.49523163 0.0002452933 0.0007848601 0.4081581831 0.0000000000
 2197.7873000 111.34036255 0.0002695501 0.0007965400 0.4771140516 0.0000000000
 2198.2873000 110.96134186 0.0002517242 0.0007939800 0.4190530181 0.0000000000
 2198.7873000 111.89669800 0.0002027515 0.0007819200 0.2811713517 0.0000000000
 2199.2873000 113.57878113 0.0001647629 0.0007638599 0.1954737604 0.0000000000
 2199.7873000 115.81353760 0.0001349039 0.0007443700 0.1387118548 0.0000000000
 2200.2873000 117.80722046 0.0001022982 0.0007268200 0.0840613991 0.0000000000
 2200.7873000 119.62248230 0.0000676594 0.0007093700 0.0387914963 0.0000000000
 2201.2873000 121.59549713 0.0000652995 0.0006906400 0.0383235663 0.0000000000
 2201.7873000 123.68527985 0.0000868302 0.0006738200 0.0715393722 0.0000000000
 2202.2873000 125.24609375 0.0000979799 0.0006612400 0.0949475542 0.0000000000
 2202.7873000 126.41539764 0.0001014461 0.0006527400 0.1047231033 0.0000000000
 2203.2873000 127.09158325 0.0000993147 0.0006481900 0.1019252092 0.0000000000
 2203.7873000 127.40277863 0.0000930401 0.0006477099 0.0895989910 0.0000000000
 2204.2873000 127.19505310 0.0000809851 0.0006513901 0.0670440346 0.0000000000
 2204.7873000 126.60323334 0.0000646519 0.0006554400 0.0421492755 0.0000000000
 2205.2873000 126.31707764 0.0000610112 0.0006570300 0.0373363867 0.0000000000
 2205.7873000 126.25717163 0.0000667648 0.0006519900 0.0454742163 0.0000000000
 2206.2873000 127.41163635 0.0000675397 0.0006372100 0.0489437133 0.0000000000
 2206.7873000 129.46492004 0.0000646298 0.0006234500 0.0470220521 0.0000000000
 2207.2873000 130.39778137 0.0000635863 0.0006186700 0.0462931879 0.0000000000
 2207.7873000 130.50138855 0.0000639242 0.0006247000 0.0457987785 0.0000000000
 2208.2873000 129.08992004 0.0000685247 0.0006428700 0.0494109802 0.0000000000
 2208.7873000 126.55708313 0.0000762800 0.0006709700 0.0557281449 0.0000000000
 2209.2873000 122.99199677 0.0000877207 0.0007073500 0.0656157732 0.0000000000
 2209.7873000 118.66293335 0.0001018890 0.0007411800 0.0798770860 0.0000000000
 2210.2873000 115.65138245 0.0001181502 0.0007644400 0.1003490910 0.0000000000
 2210.7873000 113.61495972 0.0001359605 0.0007761800 0.1285014153 0.0000000000
 2211.2873000 113.10447693 0.0001749855 0.0007756800 0.2131583393 0.0000000000
 2211.7873000 113.72338867 0.0002297123 0.0007708000 0.3724748194 0.0000000000
 2212.2873000 114.16458130 0.0002579120 0.0007673300 0.4742226899 0.0000000000
 2212.7873000 114.47422028 0.0002664780 0.0007667800 0.5070454478 0.0000000000
 2213.2873000 114.28465271 0.0002780455 0.0007702300 0.5465965867 0.0000000000
 2213.7873000 113.72560120 0.0002918348 0.0007728000 0.5977593660 0.0000000000
 2214.2873000 113.72810364 0.0002927326 0.0007708600 0.6047779322 0.0000000000
 2214.7873000 114.14621735 0.0002840890 0.0007635900 0.5815891623 0.0000000000
 2215.2873000 115.30423737 0.0002832912 0.0007504000 0.6009272337 0.0000000000
 2215.7873000 117.00988770 0.0002883002 0.0007320000 0.6573028564 0.0000000000
 2216.2873000 119.29683685 0.0003105165 0.0007089300 0.8181673288 0.0000000000
 2216.7873000 122.01403046 0.0003454686 0.0006939400 1.0614728928 0.0000000000
 2217.2873000 122.54958344 0.0003242913 0.0006964500 0.9279244542 0.0000000000
 2217.7873000 121.47042084 0.0002615706 0.0007075900 0.5829862952 0.0000000000
 2218.2873000 120.13372803 0.0002260109 0.0007207900 0.4179070294 0.0000000000
 2218.7873000 118.60643005 0.0002105540 0.0007371700 0.3452058434 0.0000000000
 2219.2873000 116.57750702 0.0001739670 0.0007575800 0.2219172120 0.0000000000
 2219.7873000 114.17733765 0.0001217409 0.0007685900 0.1052797660 0.0000000000
 2220.2873000 114.18814850 0.0001288736 0.0007602700 0.1208366305 0.0000000000
 2220.7873000 115.98342133 0.0001799398 0.0007410900 0.2491943836 0.0000000000
 2221.2873000 118.35148621 0.0001970086 0.0007173100 0.3209334910 0.0000000000
 2221.7873000 121.14350891 0.0001889147 0.0006913500 0.3200339377 0.0000000000
 2222.2873000 123.98322296 0.0001792964 0.0006650200 0.3139835596 0.0000000000
 2222.7873000 126.85823059 0.0001685498 0.0006431800 0.2986240983 0.0000000000
 2223.2873000 128.72398376 0.0001426761 0.0006294299 0.2243976444 0.0000000000
 2223.7873000 129.84271240 0.0001056064 0.0006243900 0.1251345575 0.0000000000
 2224.2873000 129.81486511 0.0000931421 0.0006285600 0.0959245116 0.0000000000
 2224.7873000 128.93838501 0.0000988893 0.0006358700 0.1054116040 0.0000000000
 2225.2873000 128.22668457 0.0001211710 0.0006418700 0.1550292969 0.0000000000
 2225.7873000 127.63697052 0.0001556904 0.0006484400 0.2502709329 0.0000000000
 2226.2873000 126.80226898 0.0001685776 0.0006569700 0.2851013839 0.0000000000
 2226.7873000 125.78624725 0.0001654538 0.0006612201 0.2707648873 0.0000000000
 2227.2873000 125.87902832 0.0001591044 0.0006565800 0.2542912662 0.0000000000
 2227.7873000 126.79245758 0.0001503675 0.0006476700 0.2340612262 0.0000000000
 2228.2873000 127.81272125 0.0001213469 0.0006379100 0.1576111764 0.0000000000
 2228.7873000 128.91204834 0.0000773137 0.0006277800 0.0662730411 0.0000000000
 2229.2873000 130.01115417 0.0000507659 0.0006176400 0.0296159610 0.0000000000
 2229.7873000 131.11012268 0.0000371595 0.0006089500 0.0163704436 0.0000000000
 2230.2873000 131.89753723 0.0000360039 0.0006027600 0.0157173891 0.0000000000
 2230.7873000 132.45433044 0.0000440634 0.0005972600 0.0240213275 0.0000000000
 2231.2873000 133.09057617 0.0000463564 0.0005911200 0.0271977670 0.0000000000
 2231.7873000 133.78558350 0.0000443813 0.0005823100 0.0257668570 0.0000000000
 2232.2873000 135.00343323 0.0000416726 0.0005693100 0.0238744672 0.0000000000
 2232.7873000 136.60824585 0.0000384208 0.0005614900 0.0209209099 0.0000000000
 2233.2873000 136.70072937 0.0000349528 0.0005657900 0.0170263909 0.0000000000
 2233.7873000 135.67390442 0.0000313248 0.0005827200 0.0128163323 0.0000000000
 2234.2873000 133.02738953 0.0000609237 0.0006126300 0.0434246399 0.0000000000
 2234.7873000 129.18209839 0.0001151151 0.0006625101 0.1305091083 0.0000000000
 2235.2873000 122.20237732 0.0002054607 0.0007375200 0.3283636272 0.0000000000
 2235.7873000 112.90277863 0.0003225653 0.0008256000 0.6314545870 1.0000000000
 2236.2873000 103.09043121 0.0005240737 0.0009177900 1.3205336332 1.0000000000
 2236.7873000 92.898597717 0.0007880523 0.0010141700 2.3969907761 1.0000000000
 2237.2873000 82.177566528 0.0012260072 0.0011147800 4.7116165161 1.0000000000
 2237.7873000 71.064857483 0.0017927283 0.0011611900 9.2096204758 1.0000000000
 2238.2873000 62.056533813 0.0022323059 0.0011101200 15.764986992 1.0000000000
 2238.7873000 54.605747223 0.0025777796 0.0010881301 21.968164444 1.0000000000
 2239.2873000 48.823688507 0.0029786746 0.0011888500 24.141628265 1.0000000000
 2239.7873000 44.276721954 0.0034205890 0.0013562600 23.825788498 1.0000000000
 2240.2873000 41.770240784 0.0038144984 0.0015489199 22.121324539 2.0000000000
 2240.7873000 40.773994446 0.0041728760 0.0016632800 22.633264542 2.0000000000
 2241.2873000 41.013084412 0.0055440390 0.0016226999 42.182128906 2.0000000000
 2241.7873000 42.166488647 0.0076647988 0.0015349400 91.117218018 2.0000000000
 2242.2873000 43.622188568 0.0082543883 0.0014797901 114.53271484 3.0000000000
 2242.7873000 45.301628113 0.0077107064 0.0014276799 108.14351654 2.0000000000
 2243.2873000 47.286476135 0.0072248192 0.0013567300 106.21073914 2.0000000000
 2243.7873000 49.497371674 0.0067817084 0.0012819199 106.01914215 2.0000000000
 2244.2873000 51.040546417 0.0054905494 0.0012143300 78.287216187 1.0000000000
 2244.7873000 52.089527130 0.0035717203 0.0012089900 33.452220917 1.0000000000
 2245.2873000 52.397991180 0.0030877895 0.0013066500 21.073904037 1.0000000000
 2245.7873000 52.158378601 0.0036658775 0.0013770901 26.462976456 1.0000000000
 2246.2873000 50.816368103 0.0039847363 0.0013239500 34.094291687 1.0000000000
 2246.7873000 48.658439636 0.0041117296 0.0012728600 39.585094452 1.0000000000
 2247.2873000 46.867130280 0.0046216184 0.0013167900 46.414302826 1.0000000000
 2247.7873000 45.347160339 0.0054149036 0.0013923700 56.353546143 1.0000000000
 2248.2873000 45.243244171 0.0055120578 0.0014526901 53.192081451 2.0000000000
 2248.7873000 46.187389374 0.0050939796 0.0014913499 42.878482819 1.0000000000
 2249.2873000 47.989082336 0.0046192990 0.0015036199 34.629673004 2.0000000000
 2249.7873000 50.425468445 0.0041027232 0.0014900001 27.869848251 1.0000000000
 2250.2873000 52.632598877 0.0032649655 0.0014508701 18.714336395 1.0000000000
 2250.7873000 54.670043945 0.0021894893 0.0013844200 9.3303165436 1.0000000000
 2251.2873000 55.718856812 0.0016167484 0.0012893199 5.9496488571 1.0000000000
 2251.7873000 56.035949707 0.0014160994 0.0012280900 5.0802025795 1.0000000000
 2252.2873000 56.396335602 0.0013196680 0.0012470001 4.2660226822 1.0000000000
 2252.7873000 56.788761139 0.0013003720 0.0012802001 3.9095242023 1.0000000000
 2253.2873000 57.945880890 0.0011038210 0.0012789599 2.8230075836 1.0000000000
 2253.7873000 59.668975830 0.0007760773 0.0012602200 1.4415444136 1.0000000000
 2254.2873000 62.012432098 0.0006302769 0.0012365100 0.9913523197 1.0000000000
 2254.7873000 64.815040588 0.0006191392 0.0012097600 1.0037794113 1.0000000000
 2255.2873000 67.817268372 0.0006217622 0.0011814100 1.0665156841 1.0000000000
 2255.7873000 70.967247009 0.0006345704 0.0011519099 1.1744616032 1.0000000000
 2256.2873000 74.217903137 0.0006880405 0.0011216101 1.4641172886 1.0000000000
 2256.7873000 77.543075562 0.0007716060 0.0010929500 1.9492636919 1.0000000000
 2257.2873000 80.436927795 0.0007829064 0.0010677400 2.1124944687 1.0000000000
 2257.7873000 83.011543274 0.0007407211 0.0010433900 1.9894210100 1.0000000000
 2258.2873000 85.722534180 0.0008280039 0.0010179400 2.6246774197 1.0000000000
 2258.7873000 88.534461975 0.0010111111 0.0010026800 4.0461363792 1.0000000000
 2259.2873000 89.033920288 0.0010066100 0.0010059701 3.9813957214 1.0000000000
 2259.7873000 87.821838379 0.0008632540 0.0010208400 2.8351120949 1.0000000000
 2260.2873000 85.805824280 0.0008223662 0.0010421600 2.4585263729 1.0000000000
 2260.7873000 83.194778442 0.0008573190 0.0010705400 2.5185961723 1.0000000000
 2261.2873000 79.648254395 0.0009334892 0.0011064201 2.7771189213 1.0000000000
 2261.7873000 75.409347534 0.0010401660 0.0011366301 3.2496995926 1.0000000000
 2262.2873000 73.091567993 0.0011291030 0.0011514400 3.7216563225 1.0000000000
 2262.7873000 72.195693970 0.0012049101 0.0011471399 4.2732000351 1.0000000000
 2263.2873000 74.025421143 0.0011885881 0.0011209800 4.3746914864 1.0000000000
 2263.7873000 77.872467041 0.0011040778 0.0010787999 4.1070437431 1.0000000000
 2264.2873000 83.179244995 0.0008355210 0.0010249100 2.6327290535 1.0000000000
 2264.7873000 89.566421509 0.0004307450 0.0009713000 0.7875226736 1.0000000000
 2265.2873000 94.811050415 0.0002253821 0.0009268600 0.2390054017 1.0000000000
 2265.7873000 99.210021973 0.0001676118 0.0009070500 0.1386182904 1.0000000000
 2266.2873000 99.110229492 0.0003183013 0.0009233100 0.4807422459 1.0000000000
 2266.7873000 95.680740356 0.0006232793 0.0009611300 1.6875038147 1.0000000000
 2267.2873000 90.904624939 0.0013016935 0.0010097401 6.6032295227 1.0000000000
 2267.7873000 85.131828308 0.0022565010 0.0010558299 17.987232208 1.0000000000
 2268.2873000 80.904182434 0.0026471592 0.0010895201 23.101629257 1.0000000000
 2268.7873000 77.820167542 0.0026202709 0.0011005700 22.137754440 1.0000000000
 2269.2873000 78.506668091 0.0024351201 0.0010813801 19.874141693 1.0000000000
 2269.7873000 81.983863831 0.0021328335 0.0010599301 15.933237076 1.0000000000
 2270.2873000 83.159805298 0.0016315996 0.0010569401 9.3824529648 1.0000000000
 2270.7873000 82.632507324 0.0009831180 0.0010699900 3.3157050610 1.0000000000
 2271.2873000 80.328445435 0.0013121467 0.0010972900 5.5880165100 1.0000000000
 2271.7873000 76.709335327 0.0023646650 0.0011398100 16.691980362 1.0000000000
 2272.2873000 71.100410461 0.0028598241 0.0011982900 21.869676590 1.0000000000
 2272.7873000 64.018753052 0.0029424620 0.0012400700 21.470397949 1.0000000000
 2273.2873000 62.035881042 0.0030070636 0.0012409600 22.388145447 1.0000000000
 2273.7873000 63.826801300 0.0030583155 0.0012178600 24.135168076 1.0000000000
 2274.2873000 67.046592712 0.0024990779 0.0011833101 17.168912888 1.0000000000
 2274.7873000 71.323944092 0.0014879956 0.0011334800 6.6910276413 1.0000000000
 2275.2873000 77.860687256 0.0011134800 0.0010655300 4.2925987244 1.0000000000
 2275.7873000 86.069694519 0.0012101100 0.0009989800 5.8428502083 1.0000000000
 2276.2873000 92.300460815 0.0011611021 0.0009483000 6.0319838524 1.0000000000
 2276.7873000 97.067070007 0.0010043028 0.0009025900 5.0309519768 1.0000000000
 2277.2873000 102.22090149 0.0009091201 0.0008537700 4.6589984894 1.0000000000
 2277.7873000 107.66133118 0.0008595422 0.0008137900 4.6281480789 1.0000000000
 2278.2873000 110.89495850 0.0007479579 0.0007915201 3.7251012325 0.0000000000
 2278.7873000 112.49526215 0.0005904806 0.0007928700 2.3129537106 0.0000000000
 2279.2873000 110.60156250 0.0005658366 0.0008222400 1.9605824947 1.0000000000
 2279.7873000 106.12184143 0.0006395070 0.0008761100 2.1780188084 1.0000000000
 2280.2873000 98.912307739 0.0008764754 0.0009518700 3.4088561535 1.0000000000
 2280.7873000 89.682350159 0.0012343063 0.0010347300 5.6263451576 1.0000000000
 2281.2873000 80.931556702 0.0014422287 0.0011137499 6.5333414078 1.0000000000
 2281.7873000 72.535415649 0.0015391990 0.0011768499 6.5917868614 1.0000000000
 2282.2873000 67.239067078 0.0015536516 0.0012150900 6.2599186897 1.0000000000
 2282.7873000 64.236991882 0.0015070301 0.0012348599 5.6844038963 1.0000000000
 2283.2873000 62.947551727 0.0016889675 0.0012409000 7.0635271072 1.0000000000
 2283.7873000 62.925689697 0.0020400686 0.0012385100 10.349290848 1.0000000000
 2284.2873000 63.467712402 0.0023205243 0.0012315899 13.556474686 1.0000000000
 2284.7873000 64.427093506 0.0025486925 0.0012214300 16.654207230 1.0000000000
 2285.2873000 65.674079895 0.0027860843 0.0012089500 20.355894089 1.0000000000
 2285.7873000 67.133934021 0.0030303032 0.0011957800 24.668306351 1.0000000000
 2286.2873000 68.531303406 0.0027488340 0.0011831201 20.779428482 1.0000000000
 2286.7873000 69.882415771 0.0020782840 0.0011742399 12.076601982 1.0000000000
 2287.2873000 70.456893921 0.0019330152 0.0011716000 10.499194145 1.0000000000
 2287.7873000 70.456558228 0.0021765248 0.0011689400 13.377790451 1.0000000000
 2288.2873000 71.035110474 0.0039674751 0.0011616300 45.069133759 1.0000000000
 2288.7873000 72.042098999 0.0069037401 0.0011494900 139.65530396 2.0000000000
 2289.2873000 73.669746399 0.0081427954 0.0011323700 200.80415344 3.0000000000
 2289.7873000 75.756767273 0.0081256852 0.0011098500 208.99627686 3.0000000000
 2290.2873000 78.556381226 0.0078254249 0.0010816200 205.14054871 2.0000000000
 2290.7873000 81.883407593 0.0073155947 0.0010559200 189.02140808 2.0000000000
 2291.2873000 84.133094788 0.0051525766 0.0010388601 97.190406799 1.0000000000
 2291.7873000 85.585403442 0.0017659776 0.0010284201 11.673341751 1.0000000000
 2292.2873000 86.397712708 0.0003236328 0.0010231200 0.3965213299 1.0000000000
 2292.7873000 86.736343384 0.0003202994 0.0010192699 0.3916299939 1.0000000000
 2293.2873000 87.234146118 0.0003375636 0.0010141300 0.4398506880 1.0000000000
 2293.7873000 87.849761963 0.0003700728 0.0010130500 0.5298909545 1.0000000000
 2294.2873000 87.467735291 0.0004660701 0.0010199801 0.8279435635 1.0000000000
 2294.7873000 86.347328186 0.0006090572 0.0010267500 1.3934578896 1.0000000000
 2295.2873000 85.998603821 0.0007044388 0.0010273301 1.8617638350 1.0000000000
 2295.7873000 86.221038818 0.0007645861 0.0010264399 2.1974501610 1.0000000000
 2296.2873000 86.192054749 0.0007588130 0.0010275600 2.1592042446 1.0000000000
 2296.7873000 85.976989746 0.0007042499 0.0010251200 1.8696024418 1.0000000000
 2297.2873000 86.721397400 0.0006136868 0.0010149900 1.4510341883 1.0000000000
 2297.7873000 88.175956726 0.0004964788 0.0010087601 0.9626490474 1.0000000000
 2298.2873000 88.071174622 0.0006212734 0.0010150500 1.4869388342 1.0000000000
 2298.7873000 86.812271118 0.0009251825 0.0010299000 3.1937847137 1.0000000000
 2299.2873000 84.848800659 0.0010676007 0.0010504000 4.0722775459 1.0000000000
 2299.7873000 82.363868713 0.0010904939 0.0010774300 4.0178203583 1.0000000000
 2300.2873000 78.982063293 0.0012547687 0.0011116699 4.9656996727 1.0000000000
 2300.7873000 74.936454773 0.0015236852 0.0011485900 6.8143968582 1.0000000000
 2301.2873000 70.969482422 0.0024803923 0.0011848899 16.863555908 1.0000000000
 2301.7873000 67.060707092 0.0039461581 0.0012185700 40.130805969 1.0000000000
 2302.2873000 63.659561157 0.0053685764 0.0012481799 70.454452515 1.0000000000
 2302.7873000 60.634132385 0.0067589125 0.0012672400 108.01003265 2.0000000000
 2303.2873000 59.522556305 0.0071633644 0.0012709700 120.54145813 2.0000000000
 2303.7873000 59.827491760 0.0068381270 0.0012631300 111.34959412 2.0000000000
 2304.2873000 61.223869324 0.0057678050 0.0012465300 81.559608459 2.0000000000
 2304.7873000 63.428062439 0.0041460195 0.0012255399 43.746391296 1.0000000000
 2305.2873000 65.778427124 0.0035377152 0.0012033900 33.155204773 1.0000000000
 2305.7873000 68.236976624 0.0036795246 0.0011807400 37.397628784 1.0000000000
 2306.2873000 70.693748474 0.0038470950 0.0011581000 42.660358429 1.0000000000
 2306.7873000 73.149208069 0.0040337318 0.0011306700 49.439624786 1.0000000000
 2307.2873000 76.646148682 0.0039927890 0.0010948901 51.992126465 1.0000000000
 2307.7873000 80.913917542 0.0037834055 0.0010551000 50.643047333 1.0000000000
 2308.2873000 85.280029297 0.0027719580 0.0010145199 29.634662628 1.0000000000
 2308.7873000 89.718925476 0.0011668748 0.0009796299 5.6716837883 1.0000000000
 2309.2873000 92.849212646 0.0004265453 0.0009552499 0.8010743260 1.0000000000
 2309.7873000 95.010948181 0.0003262506 0.0009437100 0.4813465774 1.0000000000
 2310.2873000 95.354324341 0.0002856209 0.0009467500 0.3663212955 1.0000000000
 2310.7873000 94.351867676 0.0002891513 0.0009562900 0.3672426045 1.0000000000
 2311.2873000 93.281707764 0.0003441469 0.0009663800 0.5083494782 1.0000000000
 2311.7873000 92.161437988 0.0004372340 0.0009747400 0.8051419258 1.0000000000
 2312.2873000 91.469726563 0.0004797774 0.0009796501 0.9587898850 1.0000000000
 2312.7873000 91.095214844 0.0004849116 0.0009799000 0.9788706899 1.0000000000
 2313.2873000 91.416084290 0.0004844084 0.0009745700 0.9886320829 1.0000000000
 2313.7873000 92.251625061 0.0004797326 0.0009656100 0.9895430803 1.0000000000
 2314.2873000 93.361663818 0.0004601600 0.0009544400 0.9340510964 1.0000000000
 2314.7873000 94.674873352 0.0004295617 0.0009485500 0.8251226544 1.0000000000
 2315.2873000 94.640922546 0.0003708611 0.0009534500 0.6080890894 1.0000000000
 2315.7873000 93.609886169 0.0002913612 0.0009604700 0.3693167567 1.0000000000
 2316.2873000 93.117279053 0.0003043246 0.0009631800 0.4004219174 1.0000000000
 2316.7873000 93.023170471 0.0003857235 0.0009658400 0.6393826604 1.0000000000
 2317.2873000 92.538543701 0.0003959878 0.0009716500 0.6650311351 1.0000000000
 2317.7873000 91.764877319 0.0003536030 0.0009732300 0.5283938646 1.0000000000
 2318.2873000 92.195259094 0.0004700398 0.0009651500 0.9509565830 1.0000000000
 2318.7873000 93.516792297 0.0007040262 0.0009518200 2.1996674538 1.0000000000
 2319.2873000 95.086601257 0.0007572930 0.0009365100 2.6375494003 1.0000000000
 2319.7873000 96.840148926 0.0006768031 0.0009225600 2.1773912907 1.0000000000
 2320.2873000 98.114669800 0.0006216160 0.0009124500 1.8818475008 1.0000000000
 2320.7873000 99.034652710 0.0005851566 0.0009050600 1.6976723671 1.0000000000
 2321.2873000 99.717369080 0.0004636385 0.0008995700 1.0801450014 1.0000000000
 2321.7873000 100.22448730 0.0002791656 0.0009122300 0.3797468245 1.0000000000
 2322.2873000 96.969970703 0.0002668533 0.0009550599 0.3136734664 1.0000000000
 2322.7873000 90.931335449 0.0003819631 0.0010114500 0.5664547086 1.0000000000
 2323.2873000 84.734657288 0.0005648536 0.0010690900 1.0965802670 1.0000000000
 2323.7873000 78.421005249 0.0007979110 0.0011251300 1.9555230141 1.0000000000
 2324.2873000 72.576728821 0.0009344644 0.0011773900 2.4271731377 1.0000000000
 2324.7873000 67.079856873 0.0009995920 0.0012089000 2.6205153465 1.0000000000
 2325.2873000 65.738838196 0.0010003695 0.0012070900 2.6332597733 1.0000000000
 2325.7873000 67.473709106 0.0009535194 0.0011848600 2.4922499657 1.0000000000
 2326.2873000 70.562026978 0.0008308593 0.0011517800 2.0139188766 1.0000000000
 2326.7873000 74.652076721 0.0006520894 0.0011119500 1.3403760195 1.0000000000
 2327.2873000 79.205230713 0.0005128123 0.0010684000 0.9051122069 1.0000000000
 2327.7873000 84.101135254 0.0004027653 0.0010324300 0.6020197272 1.0000000000
 2328.2873000 87.012168884 0.0003440173 0.0010123700 0.4585789144 1.0000000000
 2328.7873000 88.454116821 0.0003232373 0.0010083601 0.4084027112 1.0000000000
 2329.2873000 87.881294250 0.0003717955 0.0010205200 0.5262606740 1.0000000000
 2329.7873000 85.817268372 0.0004716733 0.0010478200 0.7991934419 1.0000000000
 2330.2873000 81.957656860 0.0005605961 0.0010895100 1.0360753536 1.0000000000
 2330.7873000 76.769073486 0.0006414108 0.0011292000 1.2536507845 1.0000000000
 2331.2873000 73.344642639 0.0007316470 0.0011547400 1.5528801680 1.0000000000
 2331.7873000 71.225929260 0.0008288567 0.0011690200 1.9397720098 1.0000000000
 2332.2873000 70.246925354 0.0007868845 0.0011741600 1.7314977646 1.0000000000
 2332.7873000 70.111473083 0.0006418986 0.0011643500 1.1736782789 1.0000000000
 2333.2873000 72.375701904 0.0005811409 0.0011352900 1.0170160532 1.0000000000
 2333.7873000 76.416030884 0.0005827234 0.0011041000 1.0871924162 1.0000000000
 2334.2873000 79.144165039 0.0005018464 0.0010834400 0.8405643106 1.0000000000
 2334.7873000 80.901084900 0.0003599382 0.0010588800 0.4547712505 1.0000000000
 2335.2873000 84.472953796 0.0003094182 0.0010197699 0.3650789857 1.0000000000
 2335.7873000 89.388122559 0.0003265378 0.0009866500 0.4372281432 1.0000000000
 2336.2873000 91.658035278 0.0003028423 0.0009747500 0.3862495124 1.0000000000
 2336.7873000 91.970100403 0.0002489381 0.0009794800 0.2582215071 1.0000000000
 2337.2873000 90.633003235 0.0003699625 0.0009974201 0.5480037928 1.0000000000
 2337.7873000 88.075302124 0.0006204576 0.0010399100 1.4061560631 1.0000000000
 2338.2873000 81.415077209 0.0015067478 0.0011152900 7.1093182564 1.0000000000
 2338.7873000 71.718429565 0.0028636125 0.0011899000 22.269245148 1.0000000000
 2339.2873000 65.224121094 0.0034662965 0.0012388300 29.861087799 1.0000000000
 2339.7873000 61.099960327 0.0035107848 0.0012655701 29.226634979 1.0000000000
 2340.2873000 59.420936584 0.0033914405 0.0012727099 26.937894821 1.0000000000
 2340.7873000 59.551639557 0.0031508382 0.0012525800 24.081314087 1.0000000000
 2341.2873000 63.788059235 0.0022581560 0.0011995400 13.604276657 1.0000000000
 2341.7873000 71.063270569 0.0008828465 0.0011472900 2.2934503555 1.0000000000
 2342.2873000 75.125587463 0.0002520582 0.0011208099 0.1968028396 1.0000000000
 2342.7873000 76.809936523 0.0001723162 0.0011065200 0.0946110785 1.0000000000
 2343.2873000 78.224807739 0.0002535596 0.0010944000 0.2098807544 1.0000000000
 2343.7873000 79.440231323 0.0004539538 0.0010876200 0.6819828153 1.0000000000
 2344.2873000 79.695755005 0.0005750196 0.0010885401 1.0922136307 1.0000000000
 2344.7873000 79.240821838 0.0006373717 0.0010892400 1.3400276899 1.0000000000
 2345.2873000 79.544921875 0.0006733033 0.0010838400 1.5118128061 1.0000000000
 2345.7873000 80.410804749 0.0006896799 0.0010792899 1.6009995937 1.0000000000
 2346.2873000 80.532936096 0.0007409926 0.0010807000 1.8427925110 1.0000000000
 2346.7873000 80.104598999 0.0008181626 0.0011002601 2.1596801281 1.0000000000
 2347.2873000 76.288818359 0.0008949310 0.0011469800 2.3580677509 1.0000000000
 2347.7873000 69.965858459 0.0009714020 0.0011966000 2.5311052799 1.0000000000
 2348.2873000 65.522529602 0.0013034591 0.0012311500 4.2806591988 1.0000000000
 2348.7873000 62.470375061 0.0018246833 0.0012548199 8.0444412231 1.0000000000
 2349.2873000 60.384639740 0.0019047519 0.0012707501 8.5259838104 1.0000000000
 2349.7873000 59.014186859 0.0016583052 0.0012710900 6.4586396217 1.0000000000
 2350.2873000 60.309963226 0.0015591903 0.0012500600 5.9231176376 1.0000000000
 2350.7873000 63.579116821 0.0015691214 0.0012279900 6.2385611534 1.0000000000
 2351.2873000 65.097969055 0.0017049348 0.0012199600 7.4723153114 1.0000000000
 2351.7873000 65.321372986 0.0019339187 0.0012184801 9.6399745941 1.0000000000
 2352.2873000 65.418235779 0.0020445976 0.0012180200 10.783904076 1.0000000000
 2352.7873000 65.421440125 0.0020677149 0.0012086800 11.217508316 1.0000000000
 2353.2873000 67.445510864 0.0020216457 0.0011831300 11.239284515 1.0000000000
 2353.7873000 70.965286255 0.0019243691 0.0011517500 10.804102898 1.0000000000
 2354.2873000 74.255355835 0.0014866313 0.0011222101 6.8272123337 1.0000000000
 2354.7873000 77.375411987 0.0007969063 0.0010997200 2.0511331558 1.0000000000
 2355.2873000 79.136413574 0.0007737525 0.0010881199 1.9793165922 1.0000000000
 2355.7873000 79.891532898 0.0012439515 0.0010942400 5.0531153679 1.0000000000
 2356.2873000 77.808425903 0.0014913047 0.0011231200 6.8579649925 1.0000000000
 2356.7873000 73.624649048 0.0015737219 0.0011597300 7.1165709496 1.0000000000
 2357.2873000 69.864212036 0.0016155059 0.0011929501 7.0477113724 1.0000000000
 2357.7873000 66.417098999 0.0016272152 0.0012186300 6.8229451180 1.0000000000
 2358.2873000 64.291526794 0.0015403738 0.0012337100 5.9509110451 1.0000000000
 2358.7873000 63.144069672 0.0013805910 0.0012391600 4.7342352867 1.0000000000
 2359.2873000 63.108699799 0.0013186689 0.0012356900 4.3458089828 1.0000000000
 2359.7873000 63.896427155 0.0013291773 0.0012210901 4.5323233604 1.0000000000
 2360.2873000 66.276962280 0.0013189098 0.0011937200 4.6907763481 1.0000000000
 2360.7873000 69.836380005 0.0012932657 0.0011667700 4.7425069809 1.0000000000
 2361.2873000 72.123794556 0.0010825846 0.0011500299 3.4305486679 1.0000000000
 2361.7873000 73.469749451 0.0007349513 0.0011388100 1.6155649424 1.0000000000
 2362.2873000 74.558059692 0.0005541118 0.0011296601 0.9347805381 1.0000000000
 2362.7873000 75.455665588 0.0004967222 0.0011291800 0.7518793344 1.0000000000
 2363.2873000 74.661651611 0.0004560535 0.0011422699 0.6179316044 1.0000000000
 2363.7873000 72.615600586 0.0004277606 0.0011525900 0.5329872966 1.0000000000
 2364.2873000 72.422622681 0.0004185137 0.0011480500 0.5146425366 1.0000000000
 2364.7873000 73.601181030 0.0004233636 0.0011378500 0.5370811820 1.0000000000
 2365.2873000 74.635543823 0.0004739269 0.0011288100 0.6849467158 1.0000000000
 2365.7873000 75.563186646 0.0005583245  -999.250000  -999.250000  -999.250000
 2366.2873000  -999.250000  -999.250000  -999.250000  -999.250000  -999.250000
 2366.7873000  -999.250000  -999.250000  -999.250000  -999.250000  -999.250000
 2367.2873000  -999.250000  -999.250000  -999.250000  -999.250000  -999.250000
