# LAS format log file from PETREL
# Project units are specified as depth units
#==================================================================
~Version information
VERS.   2.0:
WRAP.   NO:
#==================================================================
~Well
STRT .m      1924.8362000 :
STOP .m      2470.3362000 :
STEP .m     0.50000000 :
NULL .        -999.250000 :
COMP.           : COMPANY
WELL.  C2   : WELL
FLD.            : FIELD
LOC.            : LOCATION
SRVC.           : SERVICE COMPANY
DATE.  2024-10-09 18:11:43   : Log Export Date {yyyy-MM-dd HH:mm:ss}
PROV.           : PROVINCE
UWI.      : UNIQUE WELL ID
API.            : API NUMBER
#==================================================================
~Curve
DEPT .m                   : DEPTH
Gamma .gAPI               : Gamma
Perm .mD                  : Perm
Porosity .m3/m3           : Porosity
Resistivity .ohm.m        : Resistivity
LITH ._                   : LITH
~Parameter
#==================================================================
~Ascii
 1924.8362000  -999.250000  -999.250000  -999.250000  -999.250000  -999.250000
 1925.3362000 78.643066406 0.0010166558 0.0017370400 1.2211424112 2.0000000000
 1925.8362000 74.577850342 0.0010902844 0.0017671600 1.3522988558 2.0000000000
 1926.3362000 72.157539368 0.0013378406 0.0017859200 1.9893550873 2.0000000000
 1926.8362000 70.538604736 0.0016701320 0.0017917401 3.0781984329 2.0000000000
 1927.3362000 70.905174255 0.0015598575 0.0017838500 2.7113246918 2.0000000000
 1927.8362000 72.239059448 0.0012339697 0.0017663699 1.7339211702 2.0000000000
 1928.3362000 74.667709351 0.0011148406 0.0017413300 1.4604516029 2.0000000000
 1928.8362000 77.629714966 0.0010964416 0.0017239400 1.4441832304 2.0000000000
 1929.3362000 78.410430908 0.0008809294 0.0017216200 0.9350183010 2.0000000000
 1929.8362000 78.128448486 0.0005693855 0.0017207999 0.3910263479 2.0000000000
 1930.3362000 78.588111877 0.0004519139 0.0017148601 0.2482037693 2.0000000000
 1930.8362000 79.409088135 0.0004289920 0.0017044800 0.2266711444 2.0000000000
 1931.3362000 80.822586060 0.0003816235 0.0016899999 0.1827760935 2.0000000000
 1931.8362000 82.524757385 0.0003223448 0.0016780201 0.1324608922 2.0000000000
 1932.3362000 83.400642395 0.0002788735 0.0016717500 0.0999625996 2.0000000000
 1932.8362000 83.873954773 0.0002431033 0.0016812000 0.0750272498 2.0000000000
 1933.3362000 81.368225098 0.0003752802 0.0017112200 0.1719643176 2.0000000000
 1933.8362000 77.411140442 0.0005892788 0.0017461400 0.4055717885 2.0000000000
 1934.3362000 73.850303650 0.0007028995 0.0017783201 0.5543252826 2.0000000000
 1934.8362000 70.482513428 0.0007676174 0.0017877300 0.6534695029 2.0000000000
 1935.3362000 71.823875427 0.0007876356 0.0017646200 0.7079752684 2.0000000000
 1935.8362000 75.459495544 0.0007858768 0.0017278800 0.7382085919 2.0000000000
 1936.3362000 79.731605530 0.0006502955 0.0016867600 0.5329717994 2.0000000000
 1936.8362000 84.313819885 0.0004495175 0.0016574900 0.2646677792 2.0000000000
 1937.3362000 86.033576965 0.0005098072 0.0016479901 0.3447560072 2.0000000000
 1937.8362000 86.358772278 0.0006972860 0.0016737799 0.6232833862 2.0000000000
 1938.3362000 80.482017517 0.0013619810 0.0017423999 2.1767916679 2.0000000000
 1938.8362000 71.583763123 0.0022591699 0.0018107501 5.5031208992 2.0000000000
 1939.3362000 65.766586304 0.0037307169 0.0018578200 14.183278084 2.0000000000
 1939.8362000 61.450485229 0.0054820841 0.0018844999 29.679727554 2.0000000000
 1940.3362000 60.021781921 0.0058849109 0.0018912400 33.934165955 2.0000000000
 1940.8362000 59.999786377 0.0056307446 0.0018754699 31.643857956 2.0000000000
 1941.3362000 63.417167664 0.0049338839 0.0018359501 25.461498260 2.0000000000
 1941.8362000 68.510177612 0.0040213470 0.0018024499 17.613433838 2.0000000000
 1942.3362000 70.629669189 0.0025586470 0.0017894800 7.2447209358 2.0000000000
 1942.8362000 71.300498962 0.0008279139 0.0017812200 0.7662875056 2.0000000000
 1943.3362000 72.407295227 0.0002658041 0.0017699599 0.0800946802 2.0000000000
 1943.8362000 73.726486206 0.0002730332 0.0017556299 0.0860356539 2.0000000000
 1944.3362000 75.491813660 0.0002589238 0.0017382200 0.0790885314 2.0000000000
 1944.8362000 77.474502563 0.0002344184 0.0017223500 0.0661479309 2.0000000000
 1945.3362000 78.910186768 0.0002172882 0.0017102499 0.0577219762 2.0000000000
 1945.8362000 80.079368591 0.0002037511 0.0017161299 0.0503720418 2.0000000000
 1946.3362000 77.642562866 0.0003359153 0.0017469301 0.1316598952 2.0000000000
 1946.8362000 73.448974609 0.0005390635 0.0017994500 0.3176671267 2.0000000000
 1947.3362000 66.335121155 0.0009483731 0.0018721400 0.9011853337 2.0000000000
 1947.8362000 57.798561096 0.0014581217 0.0019455500 1.9574662447 2.0000000000
 1948.3362000 50.530811310 0.0019444948 0.0020101999 3.2395687103 2.0000000000
 1948.8362000 43.881202698 0.0024194794 0.0020583801 4.7608842850 2.0000000000
 1949.3362000 40.157993317 0.0024974816 0.0020863400 4.9244465828 2.0000000000
 1949.8362000 37.860488892 0.0023820794 0.0020858201 4.4823255539 2.0000000000
 1950.3362000 40.270252228 0.0021056205 0.0020527800 3.6274955273 2.0000000000
 1950.8362000 44.973342896 0.0017506971 0.0020092400 2.6287667751 2.0000000000
 1951.3362000 49.643123627 0.0013133620 0.0019659400 1.5520808697 2.0000000000
 1951.8362000 54.296676636 0.0008358769 0.0019251500 0.6583586931 2.0000000000
 1952.3362000 58.424835205 0.0007894634 0.0018879899 0.6130059958 2.0000000000
 1952.8362000 62.297031403 0.0009530627 0.0018734901 0.9086777568 2.0000000000
 1953.3362000 61.546142578 0.0012204075 0.0018909299 1.4599024057 2.0000000000
 1953.8362000 58.542942047 0.0015382958 0.0019116800 2.2644684315 2.0000000000
 1954.3362000 57.080032349 0.0028018774 0.0019217799 7.4259195328 2.0000000000
 1954.8362000 56.367530823 0.0045261895 0.0019284600 19.231010437 2.0000000000
 1955.3362000 55.641326904 0.0049171494 0.0019352400 22.522167206 2.0000000000
 1955.8362000 54.908447266 0.0046585170 0.0019259900 20.429441452 2.0000000000
 1956.3362000 57.633205414 0.0042733443 0.0018928499 17.859947205 2.0000000000
 1956.8362000 62.042480469 0.0038265220 0.0018596201 14.889328957 2.0000000000
 1957.3362000 64.788131714 0.0026458062 0.0018378800 7.3049678802 2.0000000000
 1957.8362000 66.723289490 0.0011075465 0.0018234301 1.3024704456 2.0000000000
 1958.3362000 67.898231506 0.0007133376 0.0018142401 0.5463384390 2.0000000000
 1958.8362000 68.702789307 0.0008764965 0.0018124300 0.8266576529 2.0000000000
 1959.3362000 68.286727905 0.0015634479 0.0018190600 2.6091761589 2.0000000000
 1959.8362000 67.275985718 0.0025055844 0.0015166401 9.9971570969 2.0000000000
 1960.3362000 68.250083923 0.0026979519 0.0010531000 25.860401154 1.0000000000
 1960.8362000 70.191169739 0.0025250411 0.0008821200 33.448455811 1.0000000000
 1961.3362000 73.323608398 0.0023723361 0.0008503200 32.008926392 1.0000000000
 1961.8362000 77.036460876 0.0022294743 0.0008194200 30.668357849 1.0000000000
 1962.3362000 79.976623535 0.0016416324 0.0007938601 17.828514099 1.0000000000
 1962.8362000 82.540344238 0.0008370013 0.0007811200 4.8025646210 0.0000000000
 1963.3362000 82.718414307 0.0005785371 0.0007848700 2.2704260349 0.0000000000
 1963.8362000 81.734222412 0.0005861585 0.0007936700 2.2741663456 0.0000000000
 1964.3362000 80.823486328 0.0005777484 0.0008019700 2.1593825817 1.0000000000
 1964.8362000 79.948532104 0.0005615280 0.0008059500 2.0177388191 1.0000000000
 1965.3362000 79.965522766 0.0004717417 0.0008037800 1.4325394630 1.0000000000
 1965.8362000 80.417060852 0.0003461150 0.0007996000 0.7800468206 0.0000000000
 1966.3362000 80.863861084 0.0003140288 0.0007954500 0.6495172977 0.0000000000
 1966.8362000 81.308357239 0.0003275145 0.0007824500 0.7325823903 0.0000000000
 1967.3362000 83.662994385 0.0003765109 0.0007562600 1.0434665680 0.0000000000
 1967.8362000 86.948226929 0.0004428077 0.0007269401 1.5744667053 0.0000000000
 1968.3362000 89.977180481 0.0004232467 0.0006993799 1.5660952330 0.0000000000
 1968.8362000 92.881278992 0.0003618567 0.0006708400 1.2546182871 0.0000000000
 1969.3362000 96.122360229 0.0003263576 0.0006399600 1.1320128441 0.0000000000
 1969.8362000 99.527618408 0.0003034723 0.0006313900 1.0082850456 0.0000000000
 1970.3362000 97.967636108 0.0004124800 0.0006571200 1.7060332298 0.0000000000
 1970.8362000 93.988647461 0.0005857443 0.0006964400 3.0274155140 0.0000000000
 1971.3362000 89.503036499 0.0007078474 0.0007392500 3.8773796558 0.0000000000
 1971.8362000 84.770614624 0.0008050253 0.0007839300 4.4076704979 0.0000000000
 1972.3362000 79.881698608 0.0008179955 0.0008297100 4.0166497231 1.0000000000
 1972.8362000 74.916549683 0.0007899405 0.0008625800 3.4389832020 1.0000000000
 1973.3362000 72.805313110 0.0006309102 0.0008757300 2.1218788624 1.0000000000
 1973.8362000 72.084472656 0.0004080705 0.0008731800 0.8933921456 1.0000000000
 1974.3362000 73.354179382 0.0002958744 0.0008568800 0.4895427525 1.0000000000
 1974.8362000 75.593666077 0.0002375825 0.0008327400 0.3361305594 1.0000000000
 1975.3362000 78.550819397 0.0002059807 0.0008036500 0.2732157409 1.0000000000
 1975.8362000 81.857612610 0.0001873821 0.0007792400 0.2419799417 0.0000000000
 1976.3362000 83.806236267 0.0001871759 0.0007642100 0.2520180643 0.0000000000
 1976.8362000 85.093177795 0.0001959302 0.0007627900 0.2772757113 0.0000000000
 1977.3362000 84.114318848 0.0002157668 0.0007770000 0.3228813708 0.0000000000
 1977.8362000 82.031593323 0.0002410025 0.0008035300 0.3741438687 1.0000000000
 1978.3362000 78.401763916 0.0003896902 0.0008407499 0.8854662776 1.0000000000
 1978.8362000 74.018196106 0.0005985222 0.0008754600 1.9109119177 1.0000000000
 1979.3362000 70.931304932 0.0017100178 0.0009012001 14.635063171 1.0000000000
 1979.8362000 68.476135254 0.0032612800 0.0009216800 50.664039612 1.0000000000
 1980.3362000 66.519500732 0.0037436727 0.0009387300 64.121871948 1.0000000000
 1980.8362000 64.805747986 0.0037053253 0.0009448900 61.917568207 1.0000000000
 1981.3362000 65.194519043 0.0035760372 0.0009365300 58.810699463 1.0000000000
 1981.8362000 66.607620239 0.0034024441 0.0009176700 55.676464081 1.0000000000
 1982.3362000 69.253959656 0.0023046727 0.0008903000 27.304771423 1.0000000000
 1982.8362000 72.501106262 0.0007566534 0.0008690400 3.1038911343 1.0000000000
 1983.3362000 73.831581116 0.0002735885 0.0008610200 0.4141584337 1.0000000000
 1983.8362000 74.228279114 0.0003093564 0.0008673700 0.5210371017 1.0000000000
 1984.3362000 72.462631226 0.0009676673 0.0008886700 4.8330678940 1.0000000000
 1984.8362000 69.643531799 0.0019292732 0.0009243200 17.618879318 1.0000000000
 1985.3362000 64.786506653 0.0053829108 0.0009740500 122.22374725 1.0000000000
 1985.8362000 58.936618805 0.0100506367 0.0010166899 387.76840210 3.0000000000
 1986.3362000 55.607749939 0.0115533676 0.0010419100 485.50164795 3.0000000000
 1986.8362000 53.507087708 0.0115141524 0.0010514000 472.68783569 3.0000000000
 1987.3362000 53.562538147 0.0109297996 0.0010460101 430.77005005 3.0000000000
 1987.8362000 54.668418884 0.0100798635 0.0010346200 375.31109619 3.0000000000
 1988.3362000 56.015193939 0.0068577221 0.0010215599 178.64024353 2.0000000000
 1988.8362000 57.479324341 0.0024798715 0.0010073900 24.089265823 1.0000000000
 1989.3362000 59.067195892 0.0010667803 0.0009923599 4.6076307297 1.0000000000
 1989.8362000 60.715347290 0.0010980840 0.0009778700 5.0425791740 1.0000000000
 1990.3362000 62.186016083 0.0011374120 0.0009646000 5.5753440857 1.0000000000
 1990.8362000 63.570220947 0.0011806490 0.0009563800 6.1214537621 1.0000000000
 1991.3362000 63.957572937 0.0010439854 0.0009550400 4.8011074066 1.0000000000
 1991.8362000 63.859272003 0.0008196764 0.0009607100 2.9213380814 1.0000000000
 1992.3362000 62.736770630 0.0007963676 0.0009734600 2.6787197590 1.0000000000
 1992.8362000 61.115299225 0.0008709838 0.0009855800 3.1181566715 1.0000000000
 1993.3362000 60.127674103 0.0008970661 0.0009933200 3.2512671947 1.0000000000
 1993.8362000 59.448856354 0.0008995034 0.0009936000 3.2669320107 1.0000000000
 1994.3362000 60.066371918 0.0008728472 0.0009849200 3.1361320019 1.0000000000
 1994.8362000 61.315448761 0.0008320169 0.0009690000 2.9536023140 1.0000000000
 1995.3362000 63.494346619 0.0010826049 0.0009466599 5.2639670372 1.0000000000
 1995.8362000 66.126243591 0.0014751683 0.0009189300 10.434262276 1.0000000000
 1996.3362000 69.462646484 0.0016961873 0.0008863500 14.935373306 1.0000000000
 1996.8362000 73.142272949 0.0018336317 0.0008350800 19.898595810 1.0000000000
 1997.3362000 80.499603271 0.0018294137 0.0007584200 24.480617523 1.0000000000
 1997.8362000 89.648666382 0.0017561786 0.0006559000 31.052356720 1.0000000000
 1998.3362000 102.56945038 0.0013793512 0.0005299800 30.618146896 1.0000000000
 1998.8362000 117.32776642 0.0008546172 0.0005139800 12.573655128 0.0000000000
 1999.3362000 130.28352356 0.0004611231 0.0004935700 4.0019025803 0.0000000000
 1999.8362000 142.36108398 0.0001315676 0.0004111500 0.4869647622 0.0000000000
 2000.3362000 149.88211060 0.0000183250 0.0002702400 0.0237815473 0.0000000000
 2000.8362000 155.18322754 0.0000104674 0.0000707200 0.1481439173 0.0000000000
 2001.3362000 155.55758667 0.0000112996 0.0000000000  -999.250000 0.0000000000
 2001.8362000 153.53169250 0.0000163654 0.0001290500 0.0964242294 0.0000000000
 2002.3362000 151.15559387 0.0000205763 0.0002242500 0.0451984592 0.0000000000
 2002.8362000 148.60885620 0.0000243707 0.0002813700 0.0384880230 0.0000000000
 2003.3362000 147.18757629 0.0000260524 0.0002827400 0.0435154624 0.0000000000
 2003.8362000 146.31457520 0.0000267048 0.0001404200 0.2132229358 0.0000000000
 2004.3362000 145.66473389 0.0000246654 0.0000811400 0.6079395413 0.0000000000
 2004.8362000 145.12362671 0.0000213147 0.0001804900 0.0781919956 0.0000000000
 2005.3362000 144.31019592 0.0000213338 0.0003566600 0.0175056718 0.0000000000
 2005.8362000 143.36408997 0.0000229947 0.0004819200 0.0104884515 0.0000000000
 2006.3362000 141.42698669 0.0000221936 0.0004374300 0.0120908245 0.0000000000
 2006.8362000 139.00706482 0.0000201930 0.0002391200 0.0377960429 0.0000000000
 2007.3362000 137.55145264 0.0000219951 0.0002313400 0.0482279845 0.0000000000
 2007.8362000 136.56561279 0.0000256498 0.0002955800 0.0382544696 0.0000000000
 2008.3362000 136.15060425 0.0000235664 0.0002676500 0.0401735306 0.0000000000
 2008.8362000 136.01368713 0.0000186876 0.0003901900 0.0110229952 0.0000000000
 2009.3362000 136.35394287 0.0000182956 0.0004314500 0.0084692296 0.0000000000
 2009.8362000 136.92666626 0.0000200894 0.0004015900 0.0119567215 0.0000000000
 2010.3362000 136.74378967 0.0000185436 0.0004953100 0.0064218328 0.0000000000
 2010.8362000 136.19281006 0.0000153708 0.0003002900 0.0132678729 0.0000000000
 2011.3362000 136.46328735 0.0000159055 0.0000320400 1.9524127245 0.0000000000
 2011.8362000 137.13395691 0.0000182465 0.0000477300 1.0691040754 0.0000000000
 2012.3362000 138.63168335 0.0000194812 0.0000477300 1.2186791897 0.0000000000
 2012.8362000 140.53236389 0.0000201768 0.0000000000  -999.250000 0.0000000000
 2013.3362000 142.42848206 0.0000225334 0.0000000000  -999.250000 0.0000000000
 2013.8362000 144.32237244 0.0000256993 0.0000864400 0.5742091537 0.0000000000
 2014.3362000 144.47004700 0.0000291711 0.0001273100 0.3156523108 0.0000000000
 2014.8362000 143.76695251 0.0000327920 0.0001555200 0.2568070292 0.0000000000
 2015.3362000 142.64405823 0.0000504669 0.0001414300 0.7495868802 0.0000000000
 2015.8362000 141.31663513 0.0000749887 0.0000704600 7.6651020050 0.0000000000
 2016.3362000 140.95460510 0.0000844376 0.0002499600 0.5994557738 0.0000000000
 2016.8362000 141.06289673 0.0000865433 0.0002062700 0.9609646201 0.0000000000
 2017.3362000 142.16320801 0.0000841437 0.0000492500 21.220222473 0.0000000000
 2017.8362000 143.74682617 0.0000795494 0.0002288600 0.6459810138 0.0000000000
 2018.3362000 144.79716492 0.0000610924 0.0003659400 0.1356664747 0.0000000000
 2018.8362000 145.58770752 0.0000358817 0.0001908400 0.1960080266 0.0000000000
 2019.3362000 145.20904541 0.0000288223 0.0000618300 1.5094529390 0.0000000000
 2019.8362000 144.26080322 0.0000306060 0.0002374600 0.0881686509 0.0000000000
 2020.3362000 143.06825256 0.0000406347 0.0002025000 0.2206266820 0.0000000000
 2020.8362000 141.75671387 0.0000546801 0.0000223700 50.862075806 0.0000000000
 2021.3362000 140.92085266 0.0000578293 0.0000000000  -999.250000 0.0000000000
 2021.8362000 140.31674194 0.0000556698 0.0001129500 1.4958537817 0.0000000000
 2022.3362000 140.82064819 0.0000507861 0.0003079000 0.1370843202 0.0000000000
 2022.8362000 141.86437988 0.0000445751 0.0002597100 0.1535713673 0.0000000000
 2023.3362000 143.56776428 0.0000336434 0.0000950400 0.7987399697 0.0000000000
 2023.8362000 145.59251404 0.0000204117 0.0000302800 3.6409666538 0.0000000000
 2024.3362000 147.27418518 0.0000156342 0.0000613100 0.4524616897 0.0000000000
 2024.8362000 148.78869629 0.0000149754 0.0002747500 0.0153141860 0.0000000000
 2025.3362000 149.64739990 0.0000139393 0.0003509500 0.0077435682 0.0000000000
 2025.8362000 150.18658447 0.0000127193 0.0002348900 0.0155965006 0.0000000000
 2026.3362000 150.05485535 0.0000115267 0.0000973900 0.0888538212 0.0000000000
 2026.8362000 149.59626770 0.0000103473 0.0000058300 35.089855194 0.0000000000
 2027.3362000 148.89445496 0.0000105629 0.0000883400 0.0924747884 0.0000000000
 2027.8362000 148.07411194 0.0000114582 0.0001328700 0.0443299562 0.0000000000
 2028.3362000 147.85877991 0.0000132044 0.0002681800 0.0125573874 0.0000000000
 2028.8362000 147.93820190 0.0000153651 0.0003317600 0.0106477235 0.0000000000
 2029.3362000 148.06210327 0.0000163202 0.0001910100 0.0404695719 0.0000000000
 2029.8362000 148.20765686 0.0000166880 0.0001632800 0.0597527772 0.0000000000
 2030.3362000 148.82467651 0.0000206110 0.0002279200 0.0437599458 0.0000000000
 2030.8362000 149.67135620 0.0000262660 0.0003437100 0.0287848786 0.0000000000
 2031.3362000 149.02763367 0.0000504234 0.0003752000 0.0874755085 0.0000000000
 2031.8362000 147.65780640 0.0000835950 0.0002977100 0.3999589384 0.0000000000
 2032.3362000 146.14819336 0.0000952908 0.0002213200 0.9978289008 0.0000000000
 2032.8362000 144.57051086 0.0000965237 0.0001427400 2.6869971752 0.0000000000
 2033.3362000 142.73292542 0.0000973856 0.0001507400 2.4259769917 0.0000000000
 2033.8362000 140.76870728 0.0000980668 0.0002121000 1.1605243683 0.0000000000
 2034.3362000 139.81271362 0.0000804388 0.0001277500 2.3819730282 0.0000000000
 2034.8362000 139.34791565 0.0000538908 0.0000204800 59.993293762 0.0000000000
 2035.3362000 139.21684265 0.0000442766 0.0000058400 640.08966064 0.0000000000
 2035.8362000 139.24836731 0.0000429125 0.0002880300 0.1133454591 0.0000000000
 2036.3362000 140.41252136 0.0000388294 0.0004966400 0.0279917810 0.0000000000
 2036.8362000 142.12846375 0.0000334218 0.0004945700 0.0209294483 0.0000000000
 2037.3362000 143.47601318 0.0000347541 0.0005060300 0.0215191096 0.0000000000
 2037.8362000 144.64407349 0.0000393701 0.0005015800 0.0281568673 0.0000000000
 2038.3362000 146.16174316 0.0000407352 0.0004520700 0.0378867313 0.0000000000
 2038.8362000 147.84974670 0.0000405165 0.0003728600 0.0572616234 0.0000000000
 2039.3362000 144.66291809 0.0000700140 0.0004459300 0.1153408587 0.0000000000
 2039.8362000 139.10115051 0.0001139888 0.0004979800 0.2398051322 0.0000000000
 2040.3362000 129.59994507 0.0005555645 0.0004754100 6.3083920479 0.0000000000
 2040.8362000 118.17948914 0.0011908464 0.0005176700 24.032276154 1.0000000000
 2041.3362000 102.32440948 0.0017762218 0.0006735100 29.966604233 1.0000000000
 2041.8362000 84.308830261 0.0023372835 0.0008311300 32.670143127 1.0000000000
 2042.3362000 70.185363770 0.0026116264 0.0009535200 30.150638580 1.0000000000
 2042.8362000 57.958087921 0.0027462824 0.0010431400 27.361297607 1.0000000000
 2043.3362000 50.891826630 0.0025723900 0.0010971000 21.484832764 1.0000000000
 2043.8362000 46.339946747 0.0022481768 0.0011228500 15.593841553 1.0000000000
 2044.3362000 45.348091125 0.0019682632 0.0011240100 11.925373077 1.0000000000
 2044.8362000 46.090633392 0.0017099312 0.0011160700 9.1418933868 1.0000000000
 2045.3362000 47.057235718 0.0018422722 0.0011065800 10.812979698 1.0000000000
 2045.8362000 48.132991791 0.0021649445 0.0011005600 15.112746239 1.0000000000
 2046.3362000 48.354568481 0.0024235996 0.0011004299 18.944559097 1.0000000000
 2046.8362000 48.159999847 0.0026510663 0.0011027600 22.562280655 1.0000000000
 2047.3362000 47.853149414 0.0027030637 0.0011058600 23.311607361 1.0000000000
 2047.8362000 47.491596222 0.0026695742 0.0011125500 22.437837601 1.0000000000
 2048.3362000 46.413894653 0.0028729020 0.0011241901 25.397687912 1.0000000000
 2048.8362000 44.987289429 0.0031916040 0.0011402899 30.379762650 1.0000000000
 2049.3362000 42.946151733 0.0036957166 0.0011606399 39.179855347 1.0000000000
 2049.8362000 40.605609894 0.0042901593 0.0011822600 50.696533203 1.0000000000
 2050.3362000 38.292106628 0.0044393176 0.0012036901 52.179527283 1.0000000000
 2050.8362000 35.991771698 0.0043715378 0.0012245200 48.724063873 1.0000000000
 2051.3362000 33.807098389 0.0043583950 0.0012445500 46.733253479 1.0000000000
 2051.8362000 31.678775787 0.0043718717 0.0012610400 45.680549622 1.0000000000
 2052.3362000 30.257297516 0.0045920904 0.0012726501 49.392501831 1.0000000000
 2052.8362000 29.180185318 0.0049130321 0.0012823901 55.597446442 1.0000000000
 2053.3362000 28.160432816 0.0050806096 0.0012917300 58.513195038 1.0000000000
 2053.8362000 27.168622971 0.0051734699 0.0012949499 60.340278625 1.0000000000
 2054.3362000 27.466762543 0.0048459349 0.0012892701 53.456256866 1.0000000000
 2054.8362000 28.393350601 0.0043135891 0.0012865500 42.553852081 1.0000000000
 2055.3362000 28.051387787 0.0032573200 0.0012926001 24.015945435 1.0000000000
 2055.8362000 27.091402054 0.0019458032 0.0012925800 8.5702095032 1.0000000000
 2056.3362000 28.054643631 0.0023176023 0.0012792801 12.438082695 1.0000000000
 2056.8362000 29.954858780 0.0035094935 0.0012663900 29.163557053 1.0000000000
 2057.3362000 30.828010559 0.0037494306 0.0012606101 33.624275208 1.0000000000
 2057.8362000 31.200788498 0.0035255873 0.0012508499 30.242067337 1.0000000000
 2058.3362000 32.929241180 0.0035159762 0.0012317300 31.114135742 1.0000000000
 2058.8362000 35.318161011 0.0036107369 0.0012204400 33.485401154 1.0000000000
 2059.3362000 35.360282898 0.0034313425 0.0012253601 29.974224091 1.0000000000
 2059.8362000 34.259071350 0.0031183835 0.0012373900 24.229503632 1.0000000000
 2060.3362000 32.770030975 0.0035984269 0.0012521000 31.435440063 1.0000000000
 2060.8362000 31.092046738 0.0044648126 0.0012705299 46.864036560 1.0000000000
 2061.3362000 28.800512314 0.0049892114 0.0013703400 49.549751282 1.0000000000
 2061.8362000 26.210065842 0.0053469981 0.0014314801 51.700222015 1.0000000000
 2062.3362000 24.109621048 0.0048710052 0.0013776401 46.680824280 1.0000000000
 2062.8362000 22.247901917 0.0039888043 0.0012390000 39.530158997 1.0000000000
 2063.3362000 20.994678497 0.0033396431 0.0011431600 33.079933167 1.0000000000
 2063.8362000 20.037910461 0.0028040158 0.0012087401 20.626640320 1.0000000000
 2064.3362000 20.809448242 0.0026264996 0.0013032299 15.335868835 1.0000000000
 2064.8362000 22.422994614 0.0026234505 0.0013334700 14.547307014 1.0000000000
 2065.3362000 26.703151703 0.0025699644 0.0012833200 15.188583374 1.0000000000
 2065.8362000 32.282447815 0.0024919049 0.0012185599 16.002939224 1.0000000000
 2066.3362000 38.798366547 0.0022186418 0.0011559200 14.247323990 1.0000000000
 2066.8362000 45.770595551 0.0018502775 0.0010962700 11.134100914 1.0000000000
 2067.3362000 51.640327454 0.0015209251 0.0010442301 8.3726711273 1.0000000000
 2067.8362000 56.972934723 0.0012105788 0.0010093399 5.7161517143 1.0000000000
 2068.3362000 59.151737213 0.0010029187 0.0009962399 4.0376691818 1.0000000000
 2068.8362000 59.794044495 0.0008452861 0.0009911400 2.9007506371 1.0000000000
 2069.3362000 60.250034332 0.0008025406 0.0009873300 2.6370408535 1.0000000000
 2069.8362000 60.615245819 0.0008157669 0.0009852001 2.7376530170 1.0000000000
 2070.3362000 60.707462311 0.0006348433 0.0009849600 1.6588690281 1.0000000000
 2070.8362000 60.666679382 0.0003593321 0.0009767601 0.5413257480 1.0000000000
 2071.3362000 62.471778870 0.0002695882 0.0009558200 0.3195761740 1.0000000000
 2071.8362000 65.176170349 0.0002703480 0.0009370100 0.3357445002 1.0000000000
 2072.3362000 66.520866394 0.0002717069 0.0009276000 0.3467430472 1.0000000000
 2072.8362000 67.203125000 0.0002733578 0.0009216000 0.3560160100 1.0000000000
 2073.3362000 67.811607361 0.0003715297 0.0009161100 0.6663498878 1.0000000000
 2073.8362000 68.384147644 0.0005167255 0.0009213600 1.2728440762 1.0000000000
 2074.3362000 66.681472778 0.0005914732 0.0009423300 1.5871704817 1.0000000000
 2074.8362000 63.870346069 0.0006318996 0.0009607700 1.7359346151 1.0000000000
 2075.3362000 62.711345673 0.0007083719 0.0009677900 2.1468620300 1.0000000000
 2075.8362000 62.357242584 0.0008024054 0.0009687101 2.7489147186 1.0000000000
 2076.3362000 62.513149261 0.0007766449 0.0009661100 2.5905170441 1.0000000000
 2076.8362000 62.917526245 0.0006925221 0.0009538200 2.1185619831 1.0000000000
 2077.3362000 65.161590576 0.0006190348 0.0009288100 1.7946962118 1.0000000000
 2077.8362000 68.301925659 0.0005507289 0.0009074200 1.4951932430 1.0000000000
 2078.3362000 69.765213013 0.0005081017 0.0008976300 1.3034279346 1.0000000000
 2078.8362000 70.411445618 0.0004779848 0.0008956300 1.1591650248 1.0000000000
 2079.3362000 70.196258545 0.0005259262 0.0008995700 1.3898651600 1.0000000000
 2079.8362000 69.561401367 0.0006118965 0.0009093000 1.8373848200 1.0000000000
 2080.3362000 68.100944519 0.0007896568 0.0009247400 2.9487199783 1.0000000000
 2080.8362000 66.238273621 0.0010121360 0.0009383400 4.6912140846 1.0000000000
 2081.3362000 65.174331665 0.0010684774 0.0009464100 5.1304583549 1.0000000000
 2081.8362000 64.499542236 0.0010438786 0.0009481800 4.8768591881 1.0000000000
 2082.3362000 64.794197083 0.0009679195 0.0009432500 4.2413053513 1.0000000000
 2082.8362000 65.561149597 0.0008669384 0.0009341000 3.4762501717 1.0000000000
 2083.3362000 66.763084412 0.0007117446 0.0009219500 2.4115271568 1.0000000000
 2083.8362000 68.176940918 0.0005301392 0.0009172600 1.3529958725 1.0000000000
 2084.3362000 67.771102905 0.0004715366 0.0009251500 1.0504226685 1.0000000000
 2084.8362000 66.478721619 0.0004728594 0.0009406700 1.0183614492 1.0000000000
 2085.3362000 64.431610107 0.0005882703 0.0009613900 1.5023626089 1.0000000000
 2085.8362000 62.016803741 0.0007592635 0.0009807501 2.3952822685 1.0000000000
 2086.3362000 60.264575958 0.0007949228 0.0009955299 2.5405657291 1.0000000000
 2086.8362000 58.835147858 0.0007646491 0.0009911500 2.3736555576 1.0000000000
 2087.3362000 61.206066132 0.0007966300 0.0009605200 2.7605731487 1.0000000000
 2087.8362000 65.428474426 0.0008589405 0.0009210799 3.5194280148 1.0000000000
 2088.3362000 69.698226929 0.0007311819 0.0008813100 2.8103969097 1.0000000000
 2088.8362000 73.991043091 0.0005108237 0.0008517200 1.4787306786 1.0000000000
 2089.3362000 76.068756104 0.0005084096 0.0008374300 1.5203399658 1.0000000000
 2089.8362000 77.067291260 0.0006121750 0.0008481200 2.1436069012 1.0000000000
 2090.3362000 73.768173218 0.0009121735 0.0008884900 4.2965440750 1.0000000000
 2090.8362000 68.375297546 0.0013077742 0.0009384800 7.8294367790 1.0000000000
 2091.3362000 63.005508423 0.0020411219 0.0009883100 17.020523071 1.0000000000
 2091.8362000 57.646972656 0.0029390161 0.0010270401 32.427368164 1.0000000000
 2092.3362000 54.667781830 0.0031649142 0.0010493300 35.868835449 1.0000000000
 2092.8362000 52.847774506 0.0030634247 0.0010519600 33.420742035 1.0000000000
 2093.3362000 54.101749420 0.0026736062 0.0010333500 26.475885391 1.0000000000
 2093.8362000 56.853332520 0.0021433176 0.0010041000 18.124404907 1.0000000000
 2094.3362000 60.399578094 0.0014119110 0.0009693600 8.4986009598 1.0000000000
 2094.8362000 64.332977295 0.0005825219 0.0009356800 1.5636672974 1.0000000000
 2095.3362000 67.650588989 0.0004744084 0.0009062500 1.1126511097 1.0000000000
 2095.8362000 70.668190002 0.0007176913 0.0008805700 2.7126569748 1.0000000000
 2096.3362000 73.179031372 0.0008101330 0.0008584000 3.6559081078 1.0000000000
 2096.8362000 75.442993164 0.0008290869 0.0008456201 3.9574418068 1.0000000000
 2097.3362000 75.929168701 0.0008043035 0.0008451201 3.7292323112 1.0000000000
 2097.8362000 75.549240112 0.0007582119 0.0008529600 3.2474179268 1.0000000000
 2098.3362000 74.241218567 0.0006686344 0.0008672200 2.4349668026 1.0000000000
 2098.8362000 72.481033325 0.0005578711 0.0008869999 1.6130052805 1.0000000000
 2099.3362000 69.981513977 0.0005549411 0.0009119000 1.5017921925 1.0000000000
 2099.8362000 67.121810913 0.0006045462 0.0009236101 1.7329418659 1.0000000000
 2100.3362000 67.460708618 0.0006656496 0.0009132300 2.1538476944 1.0000000000
 2100.8362000 69.357917786 0.0007323548 0.0008980000 2.7054226398 1.0000000000
 2101.3362000 70.738746643 0.0006453034 0.0008863400 2.1617584229 1.0000000000
 2101.8362000 71.868003845 0.0004833437 0.0008695200 1.2650189400 1.0000000000
 2102.3362000 74.361991882 0.0004254375 0.0008432600 1.0484704971 1.0000000000
 2102.8362000 77.520858765 0.0004182248 0.0008257600 1.0610626936 1.0000000000
 2103.3362000 78.129287720 0.0003570797 0.0008258700 0.7732581496 1.0000000000
 2103.8362000 77.495162964 0.0002696592 0.0008203400 0.4475523829 1.0000000000
 2104.3362000 79.321456909 0.0004041294 0.0007978000 1.0687446594 0.0000000000
 2104.8362000 82.346427917 0.0006467021 0.0007825600 2.8554177284 0.0000000000
 2105.3362000 82.602279663 0.0006994788 0.0007864500 3.3042485714 0.0000000000
 2105.8362000 81.509048462 0.0006597893 0.0007978100 2.8486013412 0.0000000000
 2106.3362000 80.156982422 0.0007635315 0.0008109500 3.6801619530 1.0000000000
 2106.8362000 78.678810120 0.0009371516 0.0008351000 5.1975069046 1.0000000000
 2107.3362000 74.958084106 0.0008419942 0.0008747400 3.7886493206 1.0000000000
 2107.8362000 70.144821167 0.0006158917 0.0009117400 1.8505141735 1.0000000000
 2108.3362000 66.993003845 0.0005646030 0.0009372600 1.4635047913 1.0000000000
 2108.8362000 64.650627136 0.0005984815 0.0009554000 1.5764999390 1.0000000000
 2109.3362000 63.089691162 0.0005421457 0.0009681300 1.2565445900 1.0000000000
 2109.8362000 61.909454346 0.0004418586 0.0009748400 0.8220785260 1.0000000000
 2110.3362000 61.643905640 0.0006027385 0.0009752400 1.5283138752 1.0000000000
 2110.8362000 61.823978424 0.0008908557 0.0009679600 3.3941295147 1.0000000000
 2111.3362000 63.209365845 0.0021607683 0.0009523600 20.694446564 1.0000000000
 2111.8362000 65.181968689 0.0039089993 0.0009363600 70.300254822 1.0000000000
 2112.3362000 66.655189514 0.0044355495 0.0009238000 93.244514465 1.0000000000
 2112.8362000 67.885116577 0.0043669110 0.0009131299 92.720764160 1.0000000000
 2113.3362000 68.953041077 0.0042724633 0.0009035700 90.832389832 1.0000000000
 2113.8362000 69.942047119 0.0041654408 0.0009050300 86.032669067 1.0000000000
 2114.3362000 68.638168335 0.0029583401 0.0009223400 41.623241425 1.0000000000
 2114.8362000 66.217224121 0.0012152945 0.0009417700 6.7094111443 1.0000000000
 2115.3362000 64.455078125 0.0006619066 0.0009566500 1.9228112698 1.0000000000
 2115.8362000 63.013908386 0.0006881055 0.0009616500 2.0543410778 1.0000000000
 2116.3362000 63.378623962 0.0006699344 0.0009541800 1.9809699059 1.0000000000
 2116.8362000 64.623153687 0.0006301467 0.0009349899 1.8327704668 1.0000000000
 2117.3362000 67.508964539 0.0005652547 0.0009044700 1.5864307880 1.0000000000
 2117.8362000 71.194389343 0.0004881319 0.0008681000 1.2948545218 1.0000000000
 2118.3362000 75.336830139 0.0006381172 0.0008285801 2.4516870975 1.0000000000
 2118.8362000 79.701934814 0.0008987468 0.0008023800 5.2196154594 1.0000000000
 2119.3362000 80.978919983 0.0009139042 0.0007975100 5.4699316025 0.0000000000
 2119.8362000 80.751411438 0.0008094707 0.0008036000 4.2200188637 1.0000000000
 2120.3362000 79.667152405 0.0008361315 0.0008156100 4.3580036163 1.0000000000
 2120.8362000 78.165489197 0.0009266601 0.0008406900 5.0077424049 1.0000000000
 2121.3362000 74.269981384 0.0008344630 0.0008822900 3.6514818668 1.0000000000
 2121.8362000 69.208213806 0.0006532442 0.0009219300 2.0314943790 1.0000000000
 2122.3362000 65.736106873 0.0010835028 0.0009505900 5.2248630524 1.0000000000
 2122.8362000 63.038463593 0.0018116657 0.0009690300 14.002779961 1.0000000000
 2123.3362000 61.767623901 0.0020453776 0.0009776000 17.506219864 1.0000000000
 2123.8362000 61.191902161 0.0020381990 0.0009721100 17.600265503 1.0000000000
 2124.3362000 62.948463440 0.0019529986 0.0009505200 16.978099823 1.0000000000
 2124.8362000 65.841285706 0.0018297865 0.0009284100 15.695431709 1.0000000000
 2125.3362000 67.708076477 0.0013377698 0.0009133900 8.6959896088 1.0000000000
 2125.8362000 69.075004578 0.0006660764 0.0009136799 2.1542749405 1.0000000000
 2126.3362000 67.645660400 0.0005428446 0.0009332900 1.3655716181 1.0000000000
 2126.8362000 64.854003906 0.0006868166 0.0009594500 2.0569911003 1.0000000000
 2127.3362000 62.013710022 0.0008189554 0.0009859400 2.7545421124 1.0000000000
 2127.8362000 59.149711609 0.0009453292 0.0010087499 3.4901363850 1.0000000000
 2128.3362000 57.104652405 0.0009541273 0.0010258900 3.4260277748 1.0000000000
 2128.8362000 55.458572388 0.0009056441 0.0010271900 3.0781049728 1.0000000000
 2129.3362000 56.824073792 0.0007693625 0.0010076900 2.3170893192 1.0000000000
 2129.8362000 59.656776428 0.0005903066 0.0009838400 1.4378759861 1.0000000000
 2130.3362000 61.958152771 0.0004913207 0.0009636600 1.0425519943 1.0000000000
 2130.8362000 64.000671387 0.0004313442 0.0009376100 0.8534911871 1.0000000000
 2131.3362000 67.565292358 0.0003776863 0.0009010600 0.7141743898 1.0000000000
 2131.8362000 71.871452332 0.0003271067 0.0008653700 0.5855104923 1.0000000000
 2132.3362000 75.249549866 0.0002770578 0.0008360900 0.4530894458 1.0000000000
 2132.8362000 78.175498962 0.0002272674 0.0008043600 0.3319582045 1.0000000000
 2133.3362000 82.080825806 0.0001757989 0.0007658700 0.2212540209 0.0000000000
 2133.8362000 86.463302612 0.0001235128 0.0007346400 0.1196905002 0.0000000000
 2134.3362000 88.803504944 0.0001043178 0.0007175200 0.0899253935 0.0000000000
 2134.8362000 90.148735046 0.0001012445 0.0007054100 0.0879369751 0.0000000000
 2135.3362000 91.411071777 0.0002186439 0.0006938700 0.4252683222 0.0000000000
 2135.8362000 92.633003235 0.0003947362 0.0006932199 1.3889850378 0.0000000000
 2136.3362000 91.549545288 0.0004599305 0.0007085000 1.7973666191 0.0000000000
 2136.8362000 89.342918396 0.0004710966 0.0007240300 1.7978589535 0.0000000000
 2137.3362000 88.206428528 0.0005110354 0.0007321800 2.0641570091 0.0000000000
 2137.8362000 87.591300964 0.0005649919 0.0007434300 2.4398109913 0.0000000000
 2138.3362000 85.782241821 0.0004771465 0.0007629300 1.6437556744 0.0000000000
 2138.8362000 83.391502380 0.0003202169 0.0007743600 0.7164965868 0.0000000000
 2139.3362000 83.322334290 0.0003100328 0.0007697500 0.6805278659 0.0000000000
 2139.8362000 84.384201050 0.0003713413 0.0007639600 0.9926385283 0.0000000000
 2140.3362000 84.569038391 0.0003545122 0.0007642300 0.9040020108 0.0000000000
 2140.8362000 84.326606750 0.0002996153 0.0007589899 0.6555543542 0.0000000000
 2141.3362000 85.695152283 0.0005197563 0.0007426400 2.0696039200 0.0000000000
 2141.8362000 87.848556519 0.0008738925 0.0007241200 6.1849012375 0.0000000000
 2142.3362000 89.683753967 0.0009392430 0.0007077800 7.5124187469 0.0000000000
 2142.8362000 91.363929749 0.0008639007 0.0006879800 6.7648925781 0.0000000000
 2143.3362000 93.947814941 0.0008457794 0.0006619300 7.0587472916 0.0000000000
 2143.8362000 96.971977234 0.0008555354 0.0006394000 7.7942819595 0.0000000000
 2144.3362000 98.799064636 0.0006087315 0.0006251400 4.1466894150 0.0000000000
 2144.8362000 100.04296112 0.0002369347 0.0006170600 0.6464534402 0.0000000000
 2145.3362000 100.53919220 0.0001358381 0.0006141400 0.2147112191 0.0000000000
 2145.8362000 100.67117310 0.0001666232 0.0006183600 0.3182289302 0.0000000000
 2146.3362000 99.629539490 0.0001765625 0.0006306900 0.3421385884 0.0000000000
 2146.8362000 98.016136169 0.0001763461 0.0006446600 0.3252403438 0.0000000000
 2147.3362000 96.620155334 0.0001865934 0.0006571400 0.3490962088 0.0000000000
 2147.8362000 95.330101013 0.0002019384 0.0006706500 0.3909730315 0.0000000000
 2148.3362000 93.712104797 0.0002129236 0.0006864200 0.4129997492 0.0000000000
 2148.8362000 91.934326172 0.0002217848 0.0007014800 0.4271986485 0.0000000000
 2149.3362000 90.469535828 0.0002248286 0.0007143800 0.4217536151 0.0000000000
 2149.8362000 89.157226563 0.0002250384 0.0007212900 0.4136865437 0.0000000000
 2150.3362000 88.982658386 0.0002378334 0.0007203300 0.4634218216 0.0000000000
 2150.8362000 89.362388611 0.0002567600 0.0007145900 0.5497046709 0.0000000000
 2151.3362000 90.218620300 0.0002295718 0.0007055600 0.4519210160 0.0000000000
 2151.8362000 91.307006836 0.0001799172 0.0006943400 0.2875322104 0.0000000000
 2152.3362000 92.635108948 0.0001599673 0.0006814600 0.2368611842 0.0000000000
 2152.8362000 94.080009460 0.0001544893 0.0006737600 0.2265087813 0.0000000000
 2153.3362000 94.294097900 0.0001653226 0.0006745600 0.2587135136 0.0000000000
 2153.8362000 93.908546448 0.0001841026 0.0006793000 0.3159252703 0.0000000000
 2154.3362000 93.272598267 0.0002256439 0.0006857700 0.4647877216 0.0000000000
 2154.8362000 92.514648438 0.0002782742 0.0006928400 0.6911201477 0.0000000000
 2155.3362000 91.751075745 0.0003090565 0.0006999500 0.8335433006 0.0000000000
 2155.8362000 90.984741211 0.0003291946 0.0007058000 0.9285508990 0.0000000000
 2156.3362000 90.490562439 0.0004380381 0.0007097700 1.6239212751 0.0000000000
 2156.8362000 90.128967285 0.0005900979 0.0007127100 2.9203832150 0.0000000000
 2157.3362000 89.857727051 0.0006159010 0.0007150300 3.1586999893 0.0000000000
 2157.8362000 89.630516052 0.0005801934 0.0007160800 2.7940237522 0.0000000000
 2158.3362000 89.632011414 0.0005547481 0.0007155500 2.5584895611 0.0000000000
 2158.8362000 89.744934082 0.0005343026 0.0007153600 2.3747630119 0.0000000000
 2159.3362000 89.672958374 0.0004266035 0.0007164500 1.5088288784 0.0000000000
 2159.8362000 89.510887146 0.0002763957 0.0007173700 0.6315788627 0.0000000000
 2160.3362000 89.474441528 0.0002302542 0.0007174300 0.4382279515 0.0000000000
 2160.8362000 89.499198914 0.0002348124 0.0007167200 0.4567441940 0.0000000000
 2161.3362000 89.624176025 0.0002313704 0.0007153300 0.4453498125 0.0000000000
 2161.8362000 89.797981262 0.0002240307 0.0007134200 0.4200060666 0.0000000000
 2162.3362000 90.037055969 0.0002017265 0.0007110501 0.3430405557 0.0000000000
 2162.8362000 90.307922363 0.0001721317 0.0007082800 0.2519246340 0.0000000000
 2163.3362000 90.634109497 0.0002956871 0.0007051200 0.7507338524 0.0000000000
 2163.8362000 90.987266541 0.0004938553 0.0007044100 2.0988593102 0.0000000000
 2164.3362000 90.786315918 0.0005610967 0.0007075400 2.6830163002 0.0000000000
 2164.8362000 90.315414429 0.0005645521 0.0007062900 2.7267503738 0.0000000000
 2165.3362000 91.054382324 0.0005570496 0.0006966800 2.7359886169 0.0000000000
 2165.8362000 92.382797241 0.0005442085 0.0006863100 2.6988940239 0.0000000000
 2166.3362000 93.287948608 0.0003940236 0.0006788600 1.4491987228 0.0000000000
 2166.8362000 93.986892700 0.0001769266 0.0006725500 0.2982578874 0.0000000000
 2167.3362000 94.647689819 0.0001021050 0.0006664900 0.1013322920 0.0000000000
 2167.8362000 95.289894104 0.0000965983 0.0006653100 0.0910512879 0.0000000000
 2168.3362000 94.902145386 0.0000921828 0.0006712400 0.0813145936 0.0000000000
 2168.8362000 94.012611389 0.0000882989 0.0006769000 0.0732414201 0.0000000000
 2169.3362000 93.684272766 0.0000941768 0.0006786700 0.0828397870 0.0000000000
 2169.8362000 93.629333496 0.0001048106 0.0006765400 0.1033152938 0.0000000000
 2170.3362000 94.144462585 0.0001211224 0.0006704700 0.1407389641 0.0000000000
 2170.8362000 94.937324524 0.0001402005 0.0006643400 0.1924155951 0.0000000000
 2171.3362000 95.464752197 0.0001716994 0.0006600400 0.2927404642 0.0000000000
 2171.8362000 95.862869263 0.0002092494 0.0006579800 0.4377847016 0.0000000000
 2172.3362000 95.908653259 0.0002208124 0.0006583500 0.4869024158 0.0000000000
 2172.8362000 95.782775879 0.0002197149 0.0006616200 0.4768479168 0.0000000000
 2173.3362000 95.203735352 0.0002953063 0.0006680300 0.8433234692 0.0000000000
 2173.8362000 94.403930664 0.0004082595 0.0006770400 1.5650244951 0.0000000000
 2174.3362000 93.263748169 0.0004375921 0.0006883999 1.7333613634 0.0000000000
 2174.8362000 91.957740784 0.0004261858 0.0006985200 1.5922248363 0.0000000000
 2175.3362000 91.086257935 0.0004231387 0.0007056301 1.5349558592 0.0000000000
 2175.8362000 90.426475525 0.0004241642 0.0007140700 1.5025821924 0.0000000000
 2176.3362000 89.267471313 0.0003392967 0.0007259600 0.9271528721 0.0000000000
 2176.8362000 87.865257263 0.0002125833 0.0007342900 0.3549355567 0.0000000000
 2177.3362000 87.476341248 0.0001917862 0.0007356100 0.2877463996 0.0000000000
 2177.8362000 87.581085205 0.0002225901 0.0007403300 0.3821869791 0.0000000000
 2178.3362000 86.460044861 0.0002350060 0.0007535200 0.4097786248 0.0000000000
 2178.8362000 84.741813660 0.0002384634 0.0007596600 0.4144586623 0.0000000000
 2179.3362000 85.138084412 0.0002640593 0.0007511901 0.5208986998 0.0000000000
 2179.8362000 86.564521790 0.0003004407 0.0007428300 0.6911317110 0.0000000000
 2180.3362000 86.938148499 0.0002841577 0.0007417500 0.6202293634 0.0000000000
 2180.8362000 86.798866272 0.0002422174 0.0007348800 0.4599751830 0.0000000000
 2181.3362000 88.413963318 0.0002875621 0.0007159100 0.6867119670 0.0000000000
 2181.8362000 90.883758545 0.0003754309 0.0007027100 1.2194179296 0.0000000000
 2182.3362000 91.257789612 0.0003909079 0.0007039800 1.3167887926 0.0000000000
 2182.8362000 90.610794067 0.0003711165 0.0007036300 1.1881273985 0.0000000000
 2183.3362000 91.331161499 0.0004273499 0.0006938500 1.6247363091 0.0000000000
 2183.8362000 92.717697144 0.0005206217 0.0006854900 2.4765210152 0.0000000000
 2184.3362000 93.131248474 0.0005129396 0.0006838500 2.4166769981 0.0000000000
 2184.8362000 93.070785522 0.0004560741 0.0006811600 1.9271818399 0.0000000000
 2185.3362000 93.709533691 0.0004257503 0.0006736400 1.7209514380 0.0000000000
 2185.8362000 94.688934326 0.0004083572 0.0006675200 1.6153217554 0.0000000000
 2186.3362000 95.027145386 0.0003353101 0.0006658300 1.0952011347 0.0000000000
 2186.8362000 95.052978516 0.0002351489 0.0006655700 0.5390882492 0.0000000000
 2187.3362000 95.082260132 0.0001867403 0.0006652999 0.3402808607 0.0000000000
 2187.8362000 95.113204956 0.0001635448 0.0006713900 0.2558166087 0.0000000000
 2188.3362000 93.770835876 0.0001553639 0.0006869700 0.2195013911 0.0000000000
 2188.8362000 91.759399414 0.0001544980 0.0007099700 0.2018913627 0.0000000000
 2189.3362000 88.819656372 0.0001901514 0.0007393700 0.2797069550 0.0000000000
 2189.8362000 85.427665710 0.0002435967 0.0007773199 0.4111715555 0.0000000000
 2190.3362000 80.648529053 0.0004910013 0.0008248601 1.4659820795 1.0000000000
 2190.8362000 75.193580627 0.0008329006 0.0008694099 3.7574412823 1.0000000000
 2191.3362000 71.057121277 0.0009871852 0.0009048600 4.8341288567 1.0000000000
 2191.8362000 67.563018799 0.0010500660 0.0009387800 5.0442047119 1.0000000000
 2192.3362000 63.754894257 0.0010411507 0.0009748600 4.5640902519 1.0000000000
 2192.8362000 59.793785095 0.0009972572 0.0010031300 3.9321355820 1.0000000000
 2193.3362000 57.667568207 0.0010545949 0.0010187400 4.2504205704 1.0000000000
 2193.8362000 56.435283661 0.0011612511 0.0010327100 5.0014953613 1.0000000000
 2194.3362000 54.660167694 0.0011823404 0.0010504200 4.9944367409 1.0000000000
 2194.8362000 52.620582581 0.0011617427 0.0010564000 4.7620882988 1.0000000000
 2195.3362000 53.372631073 0.0012716433 0.0010431000 5.8669652939 1.0000000000
 2195.8362000 55.484733582 0.0014451211 0.0010277199 7.8285980225 1.0000000000
 2196.3362000 56.683063507 0.0012081853 0.0010186600 5.5795955658 1.0000000000
 2196.8362000 57.436218262 0.0007713013 0.0010035700 2.3498663902 1.0000000000
 2197.3362000 59.931175232 0.0006877207 0.0009764500 1.9842400551 1.0000000000
 2197.8362000 63.274715424 0.0007762654 0.0009569300 2.6429204941 1.0000000000
 2198.3362000 64.133705139 0.0007064335 0.0009545800 2.2006723881 1.0000000000
 2198.8362000 63.782249451 0.0005594425 0.0009625999 1.3549712896 1.0000000000
 2199.3362000 62.405208588 0.0006938360 0.0009777100 2.0139629841 1.0000000000
 2199.8362000 60.528514862 0.0009653168 0.0010110601 3.6210155487 1.0000000000
 2200.3362000 55.227199554 0.0017718542 0.0010680601 10.812982559 1.0000000000
 2200.8362000 48.257450104 0.0028390647 0.0011281300 24.612766266 1.0000000000
 2201.3362000 42.294849396 0.0064370683 0.0011812400 114.34899139 2.0000000000
 2201.8362000 36.822921753 0.0112680439 0.0012144800 329.63873291 3.0000000000
 2202.3362000 35.136974335 0.0128672700 0.0012215800 424.36996460 3.0000000000
 2202.8362000 35.295516968 0.0128920283 0.0011958600 446.42218018 3.0000000000
 2203.3362000 40.673164368 0.0124269258 0.0011340900 466.12548828 3.0000000000
 2203.8362000 48.593498230 0.0117231766 0.0010611300 480.17520142 3.0000000000
 2204.3362000 56.382003784 0.0082438607 0.0009890799 277.17382813 3.0000000000
 2204.8362000 64.106285095 0.0034123235 0.0009275400 54.697639465 1.0000000000
 2205.3362000 69.630546570 0.0016291151 0.0008812000 13.955316544 1.0000000000
 2205.8362000 74.082992554 0.0013310150 0.0008650300 9.7028064728 1.0000000000
 2206.3362000 73.111961365 0.0009149213 0.0008863200 4.3457856178 1.0000000000
 2206.8362000 69.498672485 0.0004413427 0.0009199600 0.9316658974 1.0000000000
 2207.3362000 65.869842529 0.0009494995 0.0009537000 3.9836719036 1.0000000000
 2207.8362000 62.233444214 0.0019359461 0.0009875700 15.336883545 1.0000000000
 2208.3362000 58.577678680 0.0023124558 0.0010215900 20.311326981 1.0000000000
 2208.8362000 54.912479401 0.0023918119 0.0010350500 21.112472534 1.0000000000
 2209.3362000 55.678813934 0.0024660160 0.0010179001 23.283081055 1.0000000000
 2209.8362000 58.604137421 0.0025377101 0.0009892500 26.254919052 1.0000000000
 2210.3362000 61.847469330 0.0019608890 0.0009583900 16.807882309 1.0000000000
 2210.8362000 65.245727539 0.0010681191 0.0009283000 5.3496446609 1.0000000000
 2211.3362000 68.326408386 0.0007758922 0.0009004000 3.0188722610 1.0000000000
 2211.8362000 71.252372742 0.0007762425 0.0008881100 3.1143538952 1.0000000000
 2212.3362000 70.973495483 0.0010390275 0.0008979600 5.4461388588 1.0000000000
 2212.8362000 69.133270264 0.0014296673 0.0009196100 9.7845735550 1.0000000000
 2213.3362000 66.310424805 0.0016157392 0.0009480600 11.687017441 1.0000000000
 2213.8362000 63.008857727 0.0017021488 0.0009753600 12.185187340 1.0000000000
 2214.3362000 60.431812286 0.0018783186 0.0009976600 14.118121147 1.0000000000
 2214.8362000 58.207744598 0.0020982181 0.0010070100 17.259449005 1.0000000000
 2215.3362000 58.419918060 0.0019366260 0.0009995301 14.946538925 1.0000000000
 2215.8362000 59.818996429 0.0015891755 0.0009841600 10.413558960 1.0000000000
 2216.3362000 61.728302002 0.0013418139 0.0009652700 7.7474212646 1.0000000000
 2216.8362000 63.886184692 0.0011432145 0.0009466200 5.8704171181 1.0000000000
 2217.3362000 65.743682861 0.0016806650 0.0009300400 13.190422058 1.0000000000
 2217.8362000 67.454841614 0.0025767102 0.0009214400 31.644895554 1.0000000000
 2218.3362000 67.594200134 0.0028634872 0.0009237000 38.870700836 1.0000000000
 2218.8362000 66.967803955 0.0028534357 0.0009198900 38.950874329 1.0000000000
 2219.3362000 68.416534424 0.0028522161 0.0009017400 40.661739349 1.0000000000
 2219.8362000 70.876243591 0.0028552995 0.0008842800 42.540817261 1.0000000000
 2220.3362000 72.174545288 0.0020280841 0.0008748500 21.974449158 1.0000000000
 2220.8362000 72.907028198 0.0007963573 0.0008695400 3.4338314533 1.0000000000
 2221.3362000 73.316558838 0.0007781247 0.0008664700 3.3040049076 1.0000000000
 2221.8362000 73.568756104 0.0013510917 0.0008813899 9.5940027237 1.0000000000
 2222.3362000 70.102340698 0.0016616335 0.0009220100 13.141715050 1.0000000000
 2222.8362000 64.824256897 0.0018443255 0.0009655500 14.627516747 1.0000000000
 2223.3362000 60.730361938 0.0020217551 0.0010008999 16.240434647 1.0000000000
 2223.8362000 57.213394165 0.0021966214 0.0010255500 18.172111511 1.0000000000
 2224.3362000 55.422298431 0.0019698236 0.0010382800 14.222070694 1.0000000000
 2224.8362000 54.472023010 0.0015473396 0.0010403800 8.7367296219 1.0000000000
 2225.3362000 54.970851898 0.0012877161 0.0010324700 6.1533250809 1.0000000000
 2225.8362000 56.175670624 0.0011074358 0.0010156300 4.7186632156 1.0000000000
 2226.3362000 58.595573425 0.0012652637 0.0009904000 6.5099658966 1.0000000000
 2226.8362000 61.607444763 0.0015878141 0.0009670300 10.805165291 1.0000000000
 2227.3362000 63.625083923 0.0015423144 0.0009505400 10.587927818 1.0000000000
 2227.8362000 65.158348083 0.0013175051 0.0009382400 7.9508576393 1.0000000000
 2228.3362000 66.273605347 0.0012458955 0.0009288200 7.2696552277 1.0000000000
 2228.8362000 67.185218811 0.0012489224 0.0009374100 7.1585631371 1.0000000000
 2229.3362000 64.426063538 0.0016275687 0.0009713500 11.242218971 1.0000000000
 2229.8362000 59.878555298 0.0021892118 0.0010213800 18.212242126 1.0000000000
 2230.3362000 53.654144287 0.0032531868 0.0010829900 35.354465485 1.0000000000
 2230.8362000 46.612762451 0.0045618927 0.0011370101 62.460960388 1.0000000000
 2231.3362000 42.024955750 0.0051239557 0.0011740800 73.430389404 1.0000000000
 2231.8362000 38.632503510 0.0053222636 0.0011868801 77.356666565 1.0000000000
 2232.3362000 39.270217896 0.0047487468 0.0011718300 63.336765289 1.0000000000
 2232.8362000 41.871372223 0.0037992061 0.0011366301 43.353443146 1.0000000000
 2233.3362000 46.850048065 0.0026612715 0.0010850000 23.563127518 1.0000000000
 2233.8362000 52.987018585 0.0014315546 0.0010385800 7.5066804886 1.0000000000
 2234.3362000 56.842208862 0.0008903611 0.0010079299 3.1015992165 1.0000000000
 2234.8362000 59.585742950 0.0006846083 0.0009894700 1.9098465443 1.0000000000
 2235.3362000 60.816364288 0.0009681518 0.0009814600 3.8883669376 1.0000000000
 2235.8362000 61.309909821 0.0014900746 0.0009788300 9.2653102875 1.0000000000
 2236.3362000 61.382434845 0.0016500972 0.0009791100 11.355069160 1.0000000000
 2236.8362000 61.249843597 0.0016338064 0.0009779300 11.161538124 1.0000000000
 2237.3362000 61.635776520 0.0016632291 0.0009731700 11.692003250 1.0000000000
 2237.8362000 62.274333954 0.0017149231 0.0009701600 12.515087128 1.0000000000
 2238.3362000 62.285602570 0.0016304560 0.0009714700 11.279073715 1.0000000000
 2238.8362000 61.991256714 0.0014796532 0.0009752500 9.2101078033 1.0000000000
 2239.3362000 61.473251343 0.0015029764 0.0009805700 9.3896932602 1.0000000000
 2239.8362000 60.846279144 0.0016111319 0.0009919700 10.518782616 1.0000000000
 2240.3362000 59.019859314 0.0016339163 0.0010116500 10.360793114 1.0000000000
 2240.8362000 56.609077454 0.0016151087 0.0010254100 9.8271789551 1.0000000000
 2241.3362000 56.056549072 0.0015509911 0.0010263301 9.0445528030 1.0000000000
 2241.8362000 56.409336090 0.0014647988 0.0010242700 8.1029691696 1.0000000000
 2242.3362000 56.501689911 0.0013075687 0.0010240100 6.4604063034 1.0000000000
 2242.8362000 56.467166901 0.0011157299 0.0010079100 4.8706879616 1.0000000000
 2243.3362000 59.966575623 0.0010455411 0.0009674000 4.6811103821 1.0000000000
 2243.8362000 65.187675476 0.0010346186 0.0009309700 4.9877195358 1.0000000000
 2244.3362000 67.808975220 0.0007693492 0.0009125000 2.8822698593 1.0000000000
 2244.8362000 69.163681030 0.0003801650 0.0009007400 0.7241448164 1.0000000000
 2245.3362000 70.341979980 0.0006106088 0.0008902000 1.9171382189 1.0000000000
 2245.8362000 71.434333801 0.0011429278 0.0008936300 6.6602501869 1.0000000000
 2246.3362000 69.603950500 0.0014491045 0.0009172500 10.109424591 1.0000000000
 2246.8362000 66.349632263 0.0016451075 0.0009475000 12.131494522 1.0000000000
 2247.3362000 63.089843750 0.0017243657 0.0009777900 12.437082291 1.0000000000
 2247.8362000 59.827388763 0.0017467471 0.0010129299 11.808244705 1.0000000000
 2248.3362000 55.524753571 0.0015007409 0.0010552501 7.9658031464 1.0000000000
 2248.8362000 50.715347290 0.0011239792 0.0010955801 4.1143336296 1.0000000000
 2249.3362000 46.843601227 0.0015885660 0.0011294300 7.6863474846 1.0000000000
 2249.8362000 43.428672791 0.0024630481 0.0011475700 17.841508865 1.0000000000
 2250.3362000 42.937397003 0.0028261361 0.0011455200 23.581977844 1.0000000000
 2250.8362000 43.870487213 0.0029400790 0.0011265300 26.477922440 1.0000000000
 2251.3362000 47.025440216 0.0028567803 0.0010921900 26.760709763 1.0000000000
 2251.8362000 51.262855530 0.0026773878 0.0010549000 25.372175217 1.0000000000
 2252.3362000 55.054180145 0.0019332126 0.0010206900 14.223052025 1.0000000000
 2252.8362000 58.628173828 0.0009138826 0.0010023800 3.3075737953 1.0000000000
 2253.3362000 58.995849609 0.0005857666 0.0010062200 1.3474875689 1.0000000000
 2253.8362000 57.801441193 0.0005944018 0.0010189300 1.3497170210 1.0000000000
 2254.3362000 56.261280060 0.0010467544 0.0010340100 4.0526137352 1.0000000000
 2254.8362000 54.552669525 0.0017152807 0.0010492700 10.537034988 1.0000000000
 2255.3362000 52.977531433 0.0020570920 0.0010636001 14.709403038 1.0000000000
 2255.8362000 51.467418671 0.0022397321 0.0010651700 17.380828857 1.0000000000
 2256.3362000 52.638137817 0.0022387723 0.0010482300 17.989347458 1.0000000000
 2256.8362000 55.114921570 0.0021483649 0.0010240200 17.439640045 1.0000000000
 2257.3362000 57.850669861 0.0016857076 0.0009980099 11.362339973 1.0000000000
 2257.8362000 60.712577820 0.0010416951 0.0009732400 4.5856127739 1.0000000000
 2258.3362000 63.185287476 0.0007285661 0.0009511400 2.3593919277 1.0000000000
 2258.8362000 65.468391418 0.0005766397 0.0009452100 1.4984655380 1.0000000000
 2259.3362000 64.463623047 0.0006574639 0.0009619900 1.8739959002 1.0000000000
 2259.8362000 61.857048035 0.0008516816 0.0009923900 2.9366574287 1.0000000000
 2260.3362000 57.918132782 0.0011606260 0.0010319899 5.0037837029 1.0000000000
 2260.8362000 53.330116272 0.0015254638 0.0010722900 7.9454193115 1.0000000000
 2261.3362000 49.243362427 0.0015926820 0.0011091300 8.0407533646 1.0000000000
 2261.8362000 45.400817871 0.0015149035 0.0011247400 7.0543212891 1.0000000000
 2262.3362000 45.881832123 0.0013500624 0.0011104799 5.7621440887 1.0000000000
 2262.8362000 48.469230652 0.0011428052 0.0010822900 4.3690643311 1.0000000000
 2263.3362000 51.952346802 0.0008918858 0.0010479001 2.8570301533 1.0000000000
 2263.8362000 55.871841431 0.0006196945 0.0010116301 1.4904161692 1.0000000000
 2264.3362000 59.760211945 0.0006071780 0.0009755800 1.5497214794 1.0000000000
 2264.8362000 63.633415222 0.0007211718 0.0009372800 2.3876185417 1.0000000000
 2265.3362000 68.005889893 0.0007859875 0.0008955300 3.1351261139 1.0000000000
 2265.8362000 72.621604919 0.0008268441 0.0008477200 3.9146416187 1.0000000000
 2266.3362000 78.297088623 0.0007519710 0.0007926000 3.7539045811 0.0000000000
 2266.8362000 84.488868713 0.0006207158 0.0007318700 3.0481116772 0.0000000000
 2267.3362000 91.374282837 0.0004615401 0.0006663300 2.0715830326 0.0000000000
 2267.8362000 98.597618103 0.0002887619 0.0006192100 0.9528754354 0.0000000000
 2268.3362000 101.51950073 0.0002629782 0.0006018000 0.8414815664 0.0000000000
 2268.8362000 102.34575653 0.0003088085 0.0005990100 1.1722587347 0.0000000000
 2269.3362000 102.12142181 0.0003318518 0.0006034700 1.3318213224 0.0000000000
 2269.8362000 101.38522339 0.0003437937 0.0006057600 1.4175379276 0.0000000000
 2270.3362000 101.62869263 0.0003504362 0.0006012800 1.4970940351 0.0000000000
 2270.8362000 102.34944153 0.0003544969 0.0005834600 1.6368182898 0.0000000000
 2271.3362000 105.46312714 0.0002628751 0.0005491300 1.0285216570 0.0000000000
 2271.8362000 109.74263763 0.0001246379 0.0006865300 0.1414650381 0.0000000000
 2272.3362000 113.30535889 0.0000735710 0.0007743900 0.0378182977 0.0000000000
 2272.8362000 116.51885986 0.0000649724 0.0004745900 0.0866078138 0.0000000000
 2273.3362000 117.58637238 0.0000658357 0.0002979700 0.2475961298 0.0000000000
 2273.8362000 117.60839844 0.0000713088 0.0003599700 0.1916464418 0.0000000000
 2274.3362000 116.55516052 0.0001080119 0.0003140200 0.5937958360 0.0000000000
 2274.8362000 114.97808838 0.0001599299 0.0003939200 0.7906087041 0.0000000000
 2275.3362000 113.64604187 0.0001774088 0.0005447800 0.4767206311 0.0000000000
 2275.8362000 112.43337250 0.0001781095 0.0003555200 1.2287772894 0.0000000000
 2276.3362000 112.67247009 0.0001743074 0.0002662700 2.2229135036 0.0000000000
 2276.8362000 113.61885834 0.0001683116 0.0004376500 0.6946225762 0.0000000000
 2277.3362000 115.40514374 0.0001269362 0.0004094700 0.4573855102 0.0000000000
 2277.8362000 117.60061646 0.0000683243 0.0002627300 0.3517454863 0.0000000000
 2278.3362000 119.76139069 0.0000427918 0.0002607300 0.1403138340 0.0000000000
 2278.8362000 121.90525818 0.0000333752 0.0004043900 0.0325002708 0.0000000000
 2279.3362000 122.28620148 0.0000423526 0.0005450800 0.0271361247 0.0000000000
 2279.8362000 121.80825806 0.0000602913 0.0005887100 0.0464223139 0.0000000000
 2280.3362000 120.86792755 0.0000703108 0.0005094000 0.0867988616 0.0000000000
 2280.8362000 119.70234680 0.0000764720 0.0003512800 0.2325773835 0.0000000000
 2281.3362000 118.88375092 0.0000796756 0.0001285700 2.3043215275 0.0000000000
 2281.8362000 118.23419189 0.0000814382 0.0000148300 278.70538330 0.0000000000
 2282.3362000 118.91316223 0.0001041600 0.0001683100 2.1775088310 0.0000000000
 2282.8362000 120.23937225 0.0001370929 0.0003347700 0.8309739232 0.0000000000
 2283.3362000 122.07878113 0.0001485439 0.0003173000 1.0976799726 0.0000000000
 2283.8362000 124.16822052 0.0001495293 0.0003914900 0.7005953789 0.0000000000
 2284.3362000 126.04305267 0.0001498562 0.0004889100 0.4315648675 0.0000000000
 2284.8362000 127.81331635 0.0001498624 0.0003747400 0.7747814655 0.0000000000
 2285.3362000 128.18922424 0.0001158030 0.0003345500 0.5937802792 0.0000000000
 2285.8362000 127.88577271 0.0000651474 0.0004089700 0.1208017245 0.0000000000
 2286.3362000 124.72055054 0.0000453440 0.0003943300 0.0634086952 0.0000000000
 2286.8362000 120.16110229 0.0000405715 0.0005316500 0.0263066869 0.0000000000
 2287.3362000 115.40435028 0.0000978651 0.0006792700 0.0892817155 0.0000000000
 2287.8362000 110.55146027 0.0001853966 0.0006031100 0.4162276387 0.0000000000
 2288.3362000 107.10105896 0.0002309711 0.0005666400 0.7410361171 0.0000000000
 2288.8362000 104.33392334 0.0002561047 0.0005773500 0.8743174076 0.0000000000
 2289.3362000 104.79344177 0.0002641309 0.0005657800 0.9723300338 0.0000000000
 2289.8362000 106.82495117 0.0002638224 0.0005451900 1.0524903536 0.0000000000
 2290.3362000 109.22853088 0.0002216854 0.0005220200 0.8176407814 0.0000000000
 2290.8362000 111.81337738 0.0001591700 0.0005062200 0.4509994090 0.0000000000
 2291.3362000 112.63162994 0.0001260501 0.0005026100 0.2873280644 0.0000000000
 2291.8362000 112.58923340 0.0001072513 0.0005073200 0.2037910074 0.0000000000
 2292.3362000 111.61702728 0.0001001028 0.0005184500 0.1692534536 0.0000000000
 2292.8362000 110.19183350 0.0000986302 0.0005306200 0.1561334431 0.0000000000
 2293.3362000 108.99687195 0.0000802375 0.0005412000 0.0989391431 0.0000000000
 2293.8362000 107.91406250 0.0000536017 0.0005369600 0.0449245945 0.0000000000
 2294.3362000 109.91148376 0.0000382616 0.0005118000 0.0254392773 0.0000000000
 2294.8362000 113.40956116 0.0000284247 0.0002581600 0.0632753596 0.0000000000
 2295.3362000 117.23651123 0.0000230667 0.0000875200 0.4501255751 0.0000000000
 2295.8362000 121.22368622 0.0000198908 0.0002891700 0.0241415761 0.0000000000
 2296.3362000 125.16575623 0.0000218615 0.0002519100 0.0395022593 0.0000000000
 2296.8362000 129.08587646 0.0000263398 0.0002741800 0.0475932099 0.0000000000
 2297.3362000 129.74008179 0.0000282359 0.0004779100 0.0161079951 0.0000000000
 2297.8362000 128.80317688 0.0000288741 0.0002892800 0.0508294627 0.0000000000
 2298.3362000 126.98985291 0.0000506050 0.0001457500 0.7054212093 0.0000000000
 2298.8362000 124.74954987 0.0000826121 0.0003304700 0.3104539216 0.0000000000
 2299.3362000 122.12767792 0.0001414197 0.0004565900 0.4467470050 0.0000000000
 2299.8362000 119.31990814 0.0002132840 0.0004080000 1.3015604019 0.0000000000
 2300.3362000 117.75605774 0.0002452124 0.0003879600 1.9220013618 0.0000000000
 2300.8362000 116.79823303 0.0002576845 0.0003627300 2.4608936310 0.0000000000
 2301.3362000 116.02767181 0.0002601680 0.0002937900 3.9886529446 0.0000000000
 2301.8362000 115.34835052 0.0002577852 0.0003533500 2.6089432240 0.0000000000
 2302.3362000 113.49948883 0.0002438429 0.0004743600 1.2211875916 0.0000000000
 2302.8362000 111.08084869 0.0002242689 0.0005237200 0.8308450580 0.0000000000
 2303.3362000 109.59632111 0.0003500142 0.0005353900 1.9279550314 0.0000000000
 2303.8362000 108.56685638 0.0005465574 0.0005404700 4.6044111252 0.0000000000
 2304.3362000 108.50305176 0.0006186729 0.0005388800 5.9379930496 0.0000000000
 2304.8362000 108.90969086 0.0006301690 0.0005294300 6.4052381516 0.0000000000
 2305.3362000 110.53845978 0.0006070555 0.0006096900 4.3572940826 0.0000000000
 2305.8362000 112.76264191 0.0005670806 0.0006460100 3.3478286266 0.0000000000
 2306.3362000 113.01667786 0.0004387359 0.0005499400 2.8557004929 0.0000000000
 2306.8362000 112.31089783 0.0002673385 0.0005139800 1.2303856611 0.0000000000
 2307.3362000 110.46269226 0.0002674812 0.0005337300 1.1336500645 0.0000000000
 2307.8362000 108.05790710 0.0003511962 0.0005516800 1.8171375990 0.0000000000
 2308.3362000 106.59787750 0.0003816455 0.0005631000 2.0513141155 0.0000000000
 2308.8362000 105.59812164 0.0003861444 0.0005625300 2.1046450138 0.0000000000
 2309.3362000 106.72257996 0.0003623288 0.0005472700 1.9686213732 0.0000000000
 2309.8362000 108.88192749 0.0003247189 0.0005279900 1.7109550238 0.0000000000
 2310.3362000 112.07408142 0.0002352538 0.0005153700 0.9471334219 0.0000000000
 2310.8362000 115.76940155 0.0001205255 0.0005443600 0.2203984112 0.0000000000
 2311.3362000 118.14394379 0.0000678410 0.0004900000 0.0880141929 0.0000000000
 2311.8362000 119.87500763 0.0000453834 0.0004288400 0.0528133623 0.0000000000
 2312.3362000 119.83701324 0.0000419158 0.0004368600 0.0432515331 0.0000000000
 2312.8362000 118.93714142 0.0000476998 0.0004686600 0.0479895361 0.0000000000
 2313.3362000 117.61360931 0.0000663868 0.0005483700 0.0657963082 0.0000000000
 2313.8362000 116.08367920 0.0000913599 0.0006874200 0.0757918507 0.0000000000
 2314.3362000 114.55680847 0.0001099418 0.0007155400 0.1004918590 0.0000000000
 2314.8362000 113.03143311 0.0001254099 0.0005477600 0.2353774160 0.0000000000
 2315.3362000 112.88221741 0.0001618752 0.0004096600 0.7430679202 0.0000000000
 2315.8362000 113.40347290 0.0002085700 0.0003998900 1.3008718491 0.0000000000
 2316.3362000 113.09564972 0.0002170911 0.0004728600 0.9747027755 0.0000000000
 2316.8362000 112.38391113 0.0002070144 0.0005003500 0.7827053070 0.0000000000
 2317.3362000 112.77265167 0.0001940610 0.0005712700 0.5138367414 0.0000000000
 2317.8362000 113.69751740 0.0001797061 0.0006167000 0.3723598719 0.0000000000
 2318.3362000 111.75054932 0.0001433171 0.0005642700 0.2879549861 0.0000000000
 2318.8362000 108.40444183 0.0000961932 0.0005654500 0.1291284263 0.0000000000
 2319.3362000 103.28862762 0.0002148167 0.0006169800 0.5315446854 0.0000000000
 2319.8362000 97.310661316 0.0004141903 0.0006890800 1.5495536327 0.0000000000
 2320.3362000 87.764350891 0.0008692511 0.0007858400 5.1115837097 0.0000000000
 2320.8362000 76.479598999 0.0014488801 0.0008832400 10.982257843 1.0000000000
 2321.3362000 66.793876648 0.0019069677 0.0009696000 15.494692802 1.0000000000
 2321.8362000 57.887180328 0.0023058425 0.0010420800 19.332006454 1.0000000000
 2322.3362000 51.189071655 0.0027561944 0.0010993100 24.555870056 1.0000000000
 2322.8362000 45.566951752 0.0032316248 0.0011384700 31.256069183 1.0000000000
 2323.3362000 42.756931305 0.0035013501 0.0011582200 35.328948975 1.0000000000
 2323.8362000 41.316925049 0.0036708587 0.0011681700 38.108512878 1.0000000000
 2324.3362000 40.613494873 0.0036430773 0.0011730400 37.191917419 1.0000000000
 2324.8362000 40.268913269 0.0035191788 0.0011751000 34.571487427 1.0000000000
 2325.3362000 40.170501709 0.0030781634 0.0011754599 26.431760788 1.0000000000
 2325.8362000 40.192024231 0.0024826520 0.0011784100 17.099348068 1.0000000000
 2326.3362000 39.534793854 0.0018620813 0.0011860500 9.4835443497 1.0000000000
 2326.8362000 38.546882629 0.0012293020 0.0011918200 4.0893445015 1.0000000000
 2327.3362000 38.291168213 0.0009626730 0.0011925400 2.5044772625 1.0000000000
 2327.8362000 38.392169952 0.0008744280 0.0011909400 2.0724797249 1.0000000000
 2328.3362000 38.637126923 0.0008202652 0.0011883300 1.8325126171 1.0000000000
 2328.8362000 38.952217102 0.0007827067 0.0011808600 1.6918488741 1.0000000000
 2329.3362000 40.247402191 0.0007319052 0.0011666099 1.5194038153 1.0000000000
 2329.8362000 42.020088196 0.0006746519 0.0011499700 1.3324445486 1.0000000000
 2330.3362000 43.829013824 0.0009695144 0.0011330800 2.8427276611 1.0000000000
 2330.8362000 45.655586243 0.0014359232 0.0011042000 6.6002035141 1.0000000000
 2331.3362000 50.047527313 0.0017369941 0.0010576000 10.619144440 1.0000000000
 2331.8362000 55.689285278 0.0019575141 0.0010008600 15.226092339 1.0000000000
 2332.3362000 62.261268616 0.0020102584 0.0009377101 18.533306122 1.0000000000
 2332.8362000 69.286445618 0.0019812633 0.0008872100 20.334159851 1.0000000000
 2333.3362000 73.131965637 0.0015752908 0.0008586900 13.812788963 1.0000000000
 2333.8362000 75.428390503 0.0009856599 0.0008610400 5.3753023148 1.0000000000
 2334.3362000 72.626823425 0.0028959480 0.0008986000 42.241123199 1.0000000000
 2334.8362000 67.341575623 0.0060241660 0.0009549600 159.89189148 2.0000000000
 2335.3362000 60.494041443 0.0079692658 0.0010221000 240.96345520 2.0000000000
 2335.8362000 52.885387421 0.0093379635 0.0010756300 295.69638062 3.0000000000
 2336.3362000 48.969745636 0.0098588662 0.0011036400 311.48248291 3.0000000000
 2336.8362000 46.853294373 0.0099667320 0.0011135200 312.15472412 3.0000000000
 2337.3362000 46.844230652 0.0078081759 0.0011088300 193.37318420 2.0000000000
 2337.8362000 47.861854553 0.0045454451 0.0010946400 67.414909363 1.0000000000
 2338.3362000 49.898868561 0.0026791838 0.0010734100 24.452350616 1.0000000000
 2338.8362000 52.432506561 0.0014932660 0.0010552299 7.8869795799 1.0000000000
 2339.3362000 53.812374115 0.0010151111 0.0010450300 3.7234363556 1.0000000000
 2339.8362000 54.630142212 0.0008817693 0.0010315400 2.8909504414 1.0000000000
 2340.3362000 56.716636658 0.0011692439 0.0010092900 5.3330435753 1.0000000000
 2340.8362000 59.421241760 0.0016617349 0.0009929400 11.165876389 1.0000000000
 2341.3362000 60.235321045 0.0017653739 0.0009896499 12.694450378 1.0000000000
 2341.8362000 60.128360748 0.0016795695 0.0009891799 11.502448082 1.0000000000
 2342.3362000 60.337173462 0.0024024132 0.0009865300 23.672971725 1.0000000000
 2342.8362000 60.699829102 0.0035192203 0.0009940100 49.961242676 1.0000000000
 2343.3362000 58.726867676 0.0036773928 0.0010176200 51.807388306 1.0000000000
 2343.8362000 55.616020203 0.0033685309 0.0010340500 41.965236664 1.0000000000
 2344.3362000 55.190128326 0.0038957347 0.0010319300 56.383007050 1.0000000000
 2344.8362000 56.072311401 0.0048302594 0.0010266401 87.663909912 1.0000000000
 2345.3362000 56.330101013 0.0045222240 0.0010256600 77.001052856 1.0000000000
 2345.8362000 56.283683777 0.0036088289 0.0010140400 50.281867981 1.0000000000
 2346.3362000 58.831279755 0.0032721423 0.0009844999 44.115360260 1.0000000000
 2346.8362000 62.642642975 0.0032164219 0.0009596300 45.093883514 1.0000000000
 2347.3362000 64.183120728 0.0025754005 0.0009504600 29.528074265 1.0000000000
 2347.8362000 64.617256165 0.0016492276 0.0009412000 12.372599602 1.0000000000
 2348.3362000 66.176139832 0.0012499380 0.0009241800 7.3979687691 1.0000000000
 2348.8362000 68.282989502 0.0011073394 0.0009064500 6.0590572357 1.0000000000
 2349.3362000 69.992485046 0.0009354444 0.0008914700 4.4854001999 1.0000000000
 2349.8362000 71.508392334 0.0007492767 0.0008698600 3.0373568535 1.0000000000
 2350.3362000 74.644981384 0.0006316383 0.0008370600 2.3489429951 1.0000000000
 2350.8362000 78.571136475 0.0005473865 0.0008084400 1.9044215679 1.0000000000
 2351.3362000 80.805046082 0.0004660050 0.0007915201 1.4459890127 0.0000000000
 2351.8362000 82.214515686 0.0003860220 0.0007848101 1.0109790564 0.0000000000
 2352.3362000 82.251510620 0.0003186783 0.0007875700 0.6837051511 0.0000000000
 2352.8362000 81.619842529 0.0002574923 0.0007987900 0.4326898456 0.0000000000
 2353.3362000 79.834419250 0.0002221892 0.0008179900 0.3057738543 1.0000000000
 2353.8362000 77.486885071 0.0001994960 0.0008374400 0.2340831608 1.0000000000
 2354.3362000 75.647438049 0.0001919745 0.0008533700 0.2079623491 1.0000000000
 2354.8362000 74.055511475 0.0001918444 0.0008688200 0.1996423304 1.0000000000
 2355.3362000 72.323829651 0.0002499514 0.0008852200 0.3252359927 1.0000000000
 2355.8362000 70.524047852 0.0003364309 0.0009022800 0.5649901628 1.0000000000
 2356.3362000 68.649482727 0.0005988522 0.0009198700 1.7156991959 1.0000000000
 2356.8362000 66.738487244 0.0009469903 0.0009411499 4.0798263550 1.0000000000
 2357.3362000 64.066551208 0.0011649325 0.0009677000 5.8072676659 1.0000000000
 2357.8362000 61.023902893 0.0013194452 0.0009925200 7.0462217331 1.0000000000
 2358.3362000 58.722621918 0.0014620862 0.0010122200 8.2859268188 1.0000000000
 2358.8362000 56.782527924 0.0015989434 0.0010285800 9.5662651062 1.0000000000
 2359.3362000 55.201496124 0.0017561270 0.0010424500 11.204444885 1.0000000000
 2359.8362000 53.795391083 0.0019232131 0.0010465600 13.322132111 1.0000000000
 2360.3362000 54.316272736 0.0020132770 0.0010373599 14.885458946 1.0000000000
 2360.8362000 55.775955200 0.0020658169 0.0010215400 16.211446762 1.0000000000
 2361.3362000 57.722885132 0.0020044099 0.0010023600 15.911856651 1.0000000000
 2361.8362000 59.907199860 0.0018874895 0.0009799200 14.830290794 1.0000000000
 2362.3362000 62.552234650 0.0015493201 0.0009543000 10.591938972 1.0000000000
 2362.8362000 65.421714783 0.0011033606 0.0009276200 5.7176909447 1.0000000000
 2363.3362000 68.296630859 0.0008465477 0.0009009000 3.5893378258 1.0000000000
 2363.8362000 71.174186707 0.0006818844 0.0008704200 2.5119910240 1.0000000000
 2364.3362000 74.859191895 0.0005580614 0.0008343700 1.8466085196 1.0000000000
 2364.8362000 78.937576294 0.0004541354 0.0007954700 1.3583081961 0.0000000000
 2365.3362000 83.232460022 0.0003519892 0.0007550800 0.9151120782 0.0000000000
 2365.8362000 87.632812500 0.0002507102 0.0007184200 0.5179780722 0.0000000000
 2366.3362000 91.124458313 0.0002530146 0.0006880400 0.5801507235 0.0000000000
 2366.8362000 94.173393250 0.0003057836 0.0006748600 0.8842156529 0.0000000000
 2367.3362000 93.963615417 0.0003433707 0.0006841801 1.0818116665 0.0000000000
 2367.8362000 92.166244507 0.0003735616 0.0007091100 1.1834623814 0.0000000000
 2368.3362000 88.596748352 0.0004681115 0.0007462800 1.6607899666 0.0000000000
 2368.8362000 84.163887024 0.0005940166 0.0007977100 2.3096072674 0.0000000000
 2369.3362000 77.525337219 0.0005918538 0.0008643700 1.9217175245 1.0000000000
 2369.8362000 69.812217712 0.0005272978 0.0009253300 1.3129836321 1.0000000000
 2370.3362000 64.400085449 0.0007464496 0.0009704000 2.3697867393 1.0000000000
 2370.8362000 60.108966827 0.0011038205 0.0009994600 4.8563838005 1.0000000000
 2371.3362000 58.144409180 0.0012133913 0.0010124401 5.7041277885 1.0000000000
 2371.8362000 57.313323975 0.0012022373 0.0010017001 5.7326769829 1.0000000000
 2372.3362000 60.457839966 0.0011829522 0.0009634900 6.0460333824 1.0000000000
 2372.8362000 65.539215088 0.0011597059 0.0009211300 6.4148974419 1.0000000000
 2373.3362000 69.577476501 0.0008914756 0.0008859700 4.1294960976 1.0000000000
 2373.8362000 73.107543945 0.0005038924 0.0008665800 1.3851490021 1.0000000000
 2374.3362000 73.753417969 0.0011470862 0.0008671100 7.1685094833 1.0000000000
 2374.8362000 72.994148254 0.0022924622 0.0008846800 27.395212173 1.0000000000
 2375.3362000 69.969131470 0.0029430140 0.0009179100 41.631732941 1.0000000000
 2375.8362000 65.840278625 0.0033524930 0.0009573900 49.242515564 1.0000000000
 2376.3362000 61.468101501 0.0035354502 0.0009985600 49.919048309 1.0000000000
 2376.8362000 56.977390289 0.0036080484 0.0010299300 48.569965363 1.0000000000
 2377.3362000 54.716491699 0.0031312294 0.0010458900 35.363929749 1.0000000000
 2377.8362000 53.541923523 0.0023867404 0.0010613500 19.893968582 1.0000000000
 2378.3362000 51.385730743 0.0019939740 0.0010836000 13.265608788 1.0000000000
 2378.8362000 48.751296997 0.0017725627 0.0011035500 10.070727348 1.0000000000
 2379.3362000 47.092182159 0.0020446377 0.0011167600 13.053322792 1.0000000000
 2379.8362000 45.908233643 0.0025571336 0.0011298599 19.899982452 1.0000000000
 2380.3362000 44.271118164 0.0028396570 0.0011460900 23.782121658 1.0000000000
 2380.8362000 42.413223267 0.0030101407 0.0011526500 26.389989853 1.0000000000
 2381.3362000 42.859027863 0.0030525208 0.0011433000 27.628978729 1.0000000000
 2381.8362000 44.427165985 0.0030324901 0.0011247400 28.267284393 1.0000000000
 2382.3362000 46.854499817 0.0026549075 0.0011002399 22.741888046 1.0000000000
 2382.8362000 49.700428009 0.0021031296 0.0010767800 14.964172363 1.0000000000
 2383.3362000 51.906471252 0.0015495664 0.0010577400 8.4486398697 1.0000000000
 2383.8362000 53.800769806 0.0009951331 0.0010394300 3.6208684444 1.0000000000
 2384.3362000 55.849063873 0.0008477505 0.0010200500 2.7388536930 1.0000000000
 2384.8362000 57.972389221 0.0008986779 0.0010051000 3.1794185638 1.0000000000
 2385.3362000 59.066764832 0.0009346142 0.0009972600 3.4985351563 1.0000000000
 2385.8362000 59.659851074 0.0009632467 0.0009904100 3.7729589939 1.0000000000
 2386.3362000 60.540439606 0.0019166121 0.0009815800 15.234630585 1.0000000000
 2386.8362000 61.561096191 0.0033204958 0.0009825299 45.629440308 1.0000000000
 2387.3362000 60.336334229 0.0042280881 0.0009989800 71.328498840 1.0000000000
 2387.8362000 58.017635345 0.0048938929 0.0010217100 90.946945190 1.0000000000
 2388.3362000 55.444808960 0.0051931599 0.0010461899 97.212074280 1.0000000000
 2388.8362000 52.748176575 0.0053138537 0.0010655000 97.769104004 1.0000000000
 2389.3362000 51.286510468 0.0044289608 0.0010762900 66.429222107 1.0000000000
 2389.8362000 50.426509857 0.0030541581 0.0010744100 31.710924149 1.0000000000
 2390.3362000 51.690063477 0.0020781779 0.0010578700 15.191980362 1.0000000000
 2390.8362000 53.988189697 0.0012964995 0.0010325600 6.2363581657 1.0000000000
 2391.3362000 57.138427734 0.0012994662 0.0010013700 6.7022700310 1.0000000000
 2391.8362000 60.703804016 0.0016847027 0.0009693000 12.101479530 1.0000000000
 2392.3362000 64.040519714 0.0018306812 0.0009388200 15.330076218 1.0000000000
 2392.8362000 67.265830994 0.0018600961 0.0009152200 16.738428116 1.0000000000
 2393.3362000 69.124198914 0.0018004060 0.0009010500 16.229059219 1.0000000000
 2393.8362000 70.316604614 0.0016973052 0.0008859700 14.969181061 1.0000000000
 2394.3362000 72.371406555 0.0013350873 0.0008649200 9.7650003433 1.0000000000
 2394.8362000 74.846351624 0.0008466306 0.0008476700 4.1047706604 1.0000000000
 2395.3362000 76.084083557 0.0005777513 0.0008389700 1.9554184675 1.0000000000
 2395.8362000 76.719047546 0.0004158473 0.0008291800 1.0395377874 1.0000000000
 2396.3362000 78.192695618 0.0003553998 0.0008136000 0.7916448712 1.0000000000
 2396.8362000 80.074935913 0.0003443808 0.0008165500 0.7374211550 1.0000000000
 2397.3362000 77.556632996 0.0003000635 0.0008498899 0.5126586556 1.0000000000
 2397.8362000 72.894439697 0.0002395237 0.0008909700 0.2944408953 1.0000000000
 2398.3362000 68.714828491 0.0017885782 0.0009287100 14.985787392 1.0000000000
 2398.8362000 64.770332336 0.0041218074 0.0009709800 72.162704468 1.0000000000
 2399.3362000 59.613048553 0.0053827306 0.0010216400 110.03983307 1.0000000000
 2399.8362000 53.864910126 0.0061212396 0.0010551000 132.56619263 2.0000000000
 2400.3362000 52.409385681 0.0064250911 0.0010589099 144.90011597 2.0000000000
 2400.8362000 53.045169830 0.0065171821 0.0010526701 151.03469849 2.0000000000
 2401.3362000 53.751964569 0.0050556492 0.0010459400 92.180480957 1.0000000000
 2401.8362000 54.493358612 0.0028372079 0.0010309800 29.966205597 1.0000000000
 2402.3362000 56.973491669 0.0016370232 0.0010040100 10.575137138 1.0000000000
 2402.8362000 60.300716400 0.0009329205 0.0009725000 3.6841063499 1.0000000000
 2403.3362000 63.756908417 0.0006727796 0.0009400900 2.0643005371 1.0000000000
 2403.8362000 67.275932312 0.0006289314 0.0009017900 1.9768542051 1.0000000000
 2404.3362000 72.003585815 0.0005520595 0.0008551300 1.7119892836 1.0000000000
 2404.8362000 77.320083618 0.0004590990 0.0008149300 1.3162791729 1.0000000000
 2405.3362000 80.659225464 0.0003993942 0.0007883899 1.0714529753 0.0000000000
 2405.8362000 83.035026550 0.0003558912 0.0007690400 0.8985598087 0.0000000000
 2406.3362000 84.823020935 0.0003641500 0.0007537600 0.9832137227 0.0000000000
 2406.8362000 86.324638367 0.0003976266 0.0007475700 1.1937592030 0.0000000000
 2407.3362000 86.157646179 0.0004065964 0.0007529000 1.2288672924 0.0000000000
 2407.8362000 85.177719116 0.0004036269 0.0007563600 1.1988292933 0.0000000000
 2408.3362000 85.413604736 0.0003997167 0.0007514100 1.1928207874 0.0000000000
 2408.8362000 86.241821289 0.0003953481 0.0007500300 1.1716189384 0.0000000000
 2409.3362000 85.710365295 0.0003471858 0.0007580400 0.8826758265 0.0000000000
 2409.8362000 84.516487122 0.0002776876 0.0007684100 0.5480350852 0.0000000000
 2410.3362000 83.476974487 0.0002464578 0.0007777200 0.4204108119 0.0000000000
 2410.8362000 82.512672424 0.0002338718 0.0007847600 0.3711374402 0.0000000000
 2411.3362000 81.962059021 0.0002542777 0.0007889500 0.4336183369 0.0000000000
 2411.8362000 81.612998962 0.0002907567 0.0007938000 0.5593646765 0.0000000000
 2412.3362000 80.916755676 0.0002880159 0.0008010500 0.5379992723 1.0000000000
 2412.8362000 80.051368713 0.0002661676 0.0008098500 0.4485598207 1.0000000000
 2413.3362000 79.022506714 0.0002710444 0.0008197800 0.4528420269 1.0000000000
 2413.8362000 77.914009094 0.0002889412 0.0008354000 0.4936863184 1.0000000000
 2414.3362000 75.659301758 0.0003798210 0.0008589400 0.8024901152 1.0000000000
 2414.8362000 72.846176147 0.0005062572 0.0008868400 1.3288712502 1.0000000000
 2415.3362000 69.654624939 0.0005919360 0.0009173400 1.6864861250 1.0000000000
 2415.8362000 66.278709412 0.0006577583 0.0009478000 1.9380097389 1.0000000000
 2416.3362000 63.095306396 0.0007683436 0.0009769400 2.4740104675 1.0000000000
 2416.8362000 60.005691528 0.0009007367 0.0009977700 3.2458524704 1.0000000000
 2417.3362000 58.610202789 0.0008952947 0.0010069000 3.1431279182 1.0000000000
 2417.8362000 58.040069580 0.0008227009 0.0010028001 2.6780107021 1.0000000000
 2418.3362000 59.491447449 0.0007550354 0.0009847400 2.3476169109 1.0000000000
 2418.8362000 61.927677155 0.0006897709 0.0009618400 2.0634005070 1.0000000000
 2419.3362000 64.422378540 0.0005941701 0.0009385400 1.6159405708 1.0000000000
 2419.8362000 66.945564270 0.0004837898 0.0009195700 1.1205385923 1.0000000000
 2420.3362000 68.505920410 0.0004879261 0.0009072601 1.1740814447 1.0000000000
 2420.8362000 69.597213745 0.0005478535 0.0009033800 1.4942175150 1.0000000000
 2421.3362000 69.340324402 0.0005870409 0.0009088200 1.6931108236 1.0000000000
 2421.8362000 68.426605225 0.0006161240 0.0009199000 1.8159621954 1.0000000000
 2422.3362000 66.954093933 0.0009818400 0.0009348500 4.4509139061 1.0000000000
 2422.8362000 65.209350586 0.0015115595 0.0009580400 9.9955444336 1.0000000000
 2423.3362000 61.961830139 0.0021229088 0.0009916000 18.277734756 1.0000000000
 2423.8362000 57.982177734 0.0027740276 0.0010317200 28.601284027 1.0000000000
 2424.3362000 53.326694489 0.0031360816 0.0010764900 33.292980194 1.0000000000
 2424.8362000 48.341953278 0.0033573066 0.0011207300 34.920452118 1.0000000000
 2425.3362000 43.802719116 0.0050272909 0.0011618900 72.327758789 1.0000000000
 2425.8362000 39.480525970 0.0074030934 0.0011898100 148.85920715 2.0000000000
 2426.3362000 37.791278839 0.0082975216 0.0011995400 183.68106079 3.0000000000
 2426.8362000 37.384761810 0.0084702428 0.0011842899 196.87203979 3.0000000000
 2427.3362000 41.074462891 0.0083614783 0.0011407500 208.32772827 3.0000000000
 2427.8362000 46.759784698 0.0081155766 0.0010829900 220.02143860 3.0000000000
 2428.3362000 53.510715485 0.0060633607 0.0010178600 140.77096558 2.0000000000
 2428.8362000 60.780799866 0.0031311312 0.0009563900 43.053203583 1.0000000000
 2429.3362000 66.743919373 0.0018499361 0.0009039500 17.013580322 1.0000000000
 2429.8362000 72.070289612 0.0013731053 0.0008620200 10.405657768 1.0000000000
 2430.3362000 75.771263123 0.0013339057 0.0008313200 10.635555267 1.0000000000
 2430.8362000 78.680366516 0.0015079152 0.0007975500 14.889715195 1.0000000000
 2431.3362000 83.041648865 0.0015564453 0.0007537500 17.962533951 1.0000000000
 2431.8362000 88.110420227 0.0015438428 0.0007010300 20.729351044 1.0000000000
 2432.3362000 94.392662048 0.0011825351 0.0006399300 14.864030838 1.0000000000
 2432.8362000 101.26609039 0.0006513424 0.0005860600 5.4720005989 0.0000000000
 2433.3362000 105.98813629 0.0003399502 0.0005470600 1.7344174385 0.0000000000
 2433.8362000 109.66206360 0.0001356421 0.0005282300 0.2982485294 0.0000000000
 2434.3362000 110.04206085 0.0000850475 0.0005321600 0.1153533682 0.0000000000
 2434.8362000 108.81732178 0.0001093403 0.0005533800 0.1749479622 0.0000000000
 2435.3362000 105.47290802 0.0001518056 0.0005892500 0.2937085629 0.0000000000
 2435.8362000 101.09581757 0.0002031244 0.0006204900 0.4693618715 0.0000000000
 2436.3362000 98.748504639 0.0002266726 0.0006377000 0.5503535867 0.0000000000
 2436.8362000 97.390060425 0.0002366912 0.0006458301 0.5835847855 0.0000000000
 2437.3362000 96.996223450 0.0002165013 0.0006473000 0.4858349264 0.0000000000
 2437.8362000 97.072319031 0.0001815942 0.0006521600 0.3362211585 0.0000000000
 2438.3362000 95.951194763 0.0001919610 0.0006652800 0.3595969975 0.0000000000
 2438.8362000 94.246788025 0.0002243845 0.0007001300 0.4391295612 0.0000000000
 2439.3362000 88.447792053 0.0002924356 0.0007632700 0.6168341041 0.0000000000
 2439.8362000 80.653961182 0.0003778439 0.0008301300 0.8560585380 1.0000000000
 2440.3362000 74.054252625 0.0006315880 0.0008887399 2.0585596561 1.0000000000
 2440.8362000 68.036308289 0.0009673435 0.0009268600 4.4028139114 1.0000000000
 2441.3362000 65.847846985 0.0010953809 0.0009385200 5.4923033714 1.0000000000
 2441.8362000 65.525062561 0.0011222209 0.0009212300 6.0054688454 1.0000000000
 2442.3362000 69.570518494 0.0011211175 0.0008737700 6.7333097458 1.0000000000
 2442.8362000 75.744125366 0.0011064004 0.0008307800 7.3274931908 1.0000000000
 2443.3362000 78.825218201 0.0009162368 0.0008091500 5.3253927231 1.0000000000
 2443.8362000 80.399658203 0.0006405978 0.0008084400 2.6082291603 1.0000000000
 2444.3362000 78.975738525 0.0009039580 0.0008284600 4.9215178490 1.0000000000
 2444.8362000 76.091049194 0.0014299121 0.0008661000 11.167835236 1.0000000000
 2445.3362000 70.873725891 0.0018783587 0.0009198399 16.880683899 1.0000000000
 2445.8362000 64.519966125 0.0022890442 0.0009689000 22.361175537 1.0000000000
 2446.3362000 60.311508179 0.0025594819 0.0010031400 25.900533676 1.0000000000
 2446.8362000 57.148204803 0.0027615931 0.0010295500 28.477050781 1.0000000000
 2447.3362000 54.626789093 0.0024606748 0.0010515200 21.582904816 1.0000000000
 2447.8362000 52.418090820 0.0019146872 0.0010672801 12.646874428 1.0000000000
 2448.3362000 51.235145569 0.0014768001 0.0010759400 7.3911108971 1.0000000000
 2448.8362000 50.551933289 0.0010915783 0.0010768700 4.0304222107 1.0000000000
 2449.3362000 51.035457611 0.0008727405 0.0010697399 2.6143169403 1.0000000000
 2449.8362000 52.087398529 0.0007349627 0.0010496300 1.9330847263 1.0000000000
 2450.3362000 55.365016937 0.0006755651 0.0010141400 1.7616475821 1.0000000000
 2450.8362000 59.726959229 0.0006543534 0.0009715800 1.8162341118 1.0000000000
 2451.3362000 64.528793335 0.0006153405 0.0009259700 1.7853268385 1.0000000000
 2451.8362000 69.544937134 0.0005676550 0.0008941800 1.6407183409 1.0000000000
 2452.3362000 71.375030518 0.0006343964 0.0008843800 2.0994999409 1.0000000000
 2452.8362000 71.652923584 0.0007568852 0.0008935900 2.9211626053 1.0000000000
 2453.3362000 69.392593384 0.0014694455 0.0009203300 10.318845749 1.0000000000
 2453.8362000 65.895675659 0.0024694819 0.0009587200 26.637273788 1.0000000000
 2454.3362000 61.127819061 0.0031137371 0.0010058900 38.102443695 1.0000000000
 2454.8362000 55.740772247 0.0035846606 0.0010429100 46.639408112 1.0000000000
 2455.3362000 53.157386780 0.0038357177 0.0010605600 51.465446472 1.0000000000
 2455.8362000 51.939910889 0.0039796582 0.0010595201 55.520240784 1.0000000000
 2456.3362000 53.381763458 0.0034144025 0.0010401100 42.565231323 1.0000000000
 2456.8362000 56.119209290 0.0025036344 0.0010063900 24.606847763 1.0000000000
 2457.3362000 60.640560150 0.0018608179 0.0009603500 15.068246841 1.0000000000
 2457.8362000 66.031013489 0.0013485438 0.0009212000 8.6726436615 1.0000000000
 2458.3362000 69.070861816 0.0009546791 0.0008982800 4.5941905975 1.0000000000
 2458.8362000 70.965530396 0.0006185020 0.0008982300 1.9285440445 1.0000000000
 2459.3362000 69.080383301 0.0006546851 0.0009243001 2.0289733410 1.0000000000
 2459.8362000 65.353759766 0.0008722775 0.0009621000 3.2978041172 1.0000000000
 2460.3362000 60.943107605 0.0011377467 0.0010046200 5.1013746262 1.0000000000
 2460.8362000 56.199207306 0.0014265407 0.0010329700 7.5435423851 1.0000000000
 2461.3362000 54.838348389 0.0015304197 0.0010379599 8.5906057358 1.0000000000
 2461.8362000 55.125663757 0.0015442102 0.0010224601 9.0404672623 1.0000000000
 2462.3362000 58.175354004 0.0013388910 0.0009878800 7.3306279182 1.0000000000
 2462.8362000 62.570846558 0.0010268246 0.0009530500 4.6659274101 1.0000000000
 2463.3362000 65.673873901 0.0007624418 0.0009271500 2.7332756519 1.0000000000
 2463.8362000 68.147232056 0.0005212902 0.0009132600 1.3208434582 1.0000000000
 2464.3362000 68.663688660 0.0004240018 0.0009128900 0.8746108413 1.0000000000
 2464.8362000 68.226776123 0.0003968020 0.0009181901 0.7563034892 1.0000000000
 2465.3362000 67.523727417 0.0003712902 0.0009253200 0.6510055065 1.0000000000
 2465.8362000 66.691024780 0.0003466007 0.0009287200 0.5627460480 1.0000000000
 2466.3362000 66.790199280 0.0003631820 0.0009256900 0.6223352551 1.0000000000
 2466.8362000 67.343376160 0.0003998699 0.0009241800 0.7571342587 1.0000000000
 2467.3362000 67.116508484 0.0004951161 0.0009280500 1.1501569748 1.0000000000
 2467.8362000 66.509620667 0.0006188914 0.0009362900 1.7624872923 1.0000000000
 2468.3362000 65.342651367 0.0007017102 0.0009484000 2.2025928497 1.0000000000
 2468.8362000 63.902824402 0.0007645756 0.0009613500 2.5380575657 1.0000000000
 2469.3362000 62.554988861 0.0007533750 0.0009736700 2.3961634636 1.0000000000
 2469.8362000 61.251972198 0.0007060905  -999.250000  -999.250000  -999.250000
 2470.3362000  -999.250000  -999.250000  -999.250000  -999.250000  -999.250000
