# LAS format log file from PETREL
# Project units are specified as depth units
#==================================================================
~Version information
VERS.   2.0:
WRAP.   NO:
#==================================================================
~Well
STRT .m      1852.2308000 :
STOP .m      2433.7308000 :
STEP .m     0.50000000 :
NULL .        -999.250000 :
COMP.           : COMPANY
WELL.  C3   : WELL
FLD.            : FIELD
LOC.            : LOCATION
SRVC.           : SERVICE COMPANY
DATE.  2024-10-09 18:13:54   : Log Export Date {yyyy-MM-dd HH:mm:ss}
PROV.           : PROVINCE
UWI.      : UNIQUE WELL ID
API.            : API NUMBER
#==================================================================
~Curve
DEPT .m                   : DEPTH
Gamma .gAPI               : Gamma
Perm .mD                  : Perm
Porosity .m3/m3           : Porosity
Resistivity .ohm.m        : Resistivity
LITH ._                   : LITH
~Parameter
#==================================================================
~Ascii
 1852.2308000  -999.250000  -999.250000  -999.250000  -999.250000  -999.250000
 1852.7308000  -999.250000  -999.250000  -999.250000  -999.250000  -999.250000
 1853.2308000 97.527412415 0.0002482733 0.0020761900 0.0491895080 2.0000000000
 1853.7308000 97.663955688 0.0001871963 0.0020761900 0.0279645007 2.0000000000
 1854.2308000 97.527038574 0.0001607828 0.0020792701 0.0205624662 2.0000000000
 1854.7308000 97.071197510 0.0001747937 0.0020844101 0.0241706707 2.0000000000
 1855.2308000 96.535743713 0.0002350617 0.0020904299 0.0434355587 2.0000000000
 1855.7308000 95.907440186 0.0003492747 0.0020929200 0.0956485793 2.0000000000
 1856.2308000 96.055587769 0.0004185599 0.0020866902 0.1382635385 2.0000000000
 1856.7308000 97.109237671 0.0004354503 0.0020750700 0.1514973640 2.0000000000
 1857.2308000 98.298461914 0.0004535250 0.0020619300 0.1666478962 2.0000000000
 1857.7308000 99.645790100 0.0004729810 0.0020565100 0.1823053956 2.0000000000
 1858.2308000 99.344467163 0.0004591637 0.0020695899 0.1694297194 2.0000000000
 1858.7308000 97.120475769 0.0004065431 0.0020935501 0.1295000017 2.0000000000
 1859.2308000 94.719871521 0.0004950440 0.0021194899 0.1868868321 2.0000000000
 1859.7308000 92.113319397 0.0007481209 0.0021440301 0.4161364138 2.0000000000
 1860.2308000 89.982742310 0.0008974316 0.0021632300 0.5871874690 2.0000000000
 1860.7308000 88.407249451 0.0009257300 0.0021726701 0.6188456416 2.0000000000
 1861.2308000 88.160583496 0.0009332284 0.0021672000 0.6324091554 2.0000000000
 1861.7308000 89.463592529 0.0009164702 0.0021587200 0.6151836514 2.0000000000
 1862.2308000 89.797241211 0.0008958661 0.0021611201 0.5863981843 2.0000000000
 1862.7308000 89.000404358 0.0008707769 0.0021771800 0.5450624824 2.0000000000
 1863.2308000 86.696655273 0.0008597395 0.0022101600 0.5140455961 3.0000000000
 1863.7308000 82.635551453 0.0008650894 0.0022492700 0.5007610321 3.0000000000
 1864.2308000 79.147987366 0.0009111431 0.0022937900 0.5320533514 3.0000000000
 1864.7308000 76.329284668 0.0010046654 0.0022847401 0.6525321603 3.0000000000
 1865.2308000 74.521293640 0.0009653280 0.0022166800 0.6438773870 3.0000000000
 1865.7308000 73.891990662 0.0007710500 0.0022306200 0.4051620662 3.0000000000
 1866.2308000 75.014022827 0.0010378819 0.0022772399 0.7014497519 3.0000000000
 1866.7308000 78.178451538 0.0018424599 0.0022655199 2.2357680798 3.0000000000
 1867.2308000 80.468734741 0.0023730909 0.0022470700 3.7763502598 3.0000000000
 1867.7308000 81.739601135 0.0025842453 0.0022334000 4.5388007164 3.0000000000
 1868.2308000 83.105712891 0.0027022159 0.0022186700 5.0354251862 3.0000000000
 1868.7308000 84.582893372 0.0027115149 0.0022046999 5.1410894394 3.0000000000
 1869.2308000 85.804008484 0.0023295493 0.0021935899 3.8370885849 2.0000000000
 1869.7308000 86.726486206 0.0014912895 0.0021853901 1.5854778290 2.0000000000
 1870.2308000 87.387001038 0.0008933187 0.0021801300 0.5719415545 2.0000000000
 1870.7308000 87.742019653 0.0005755729 0.0021806001 0.2373194993 2.0000000000
 1871.2308000 87.295257568 0.0004707451 0.0021900800 0.1572387516 2.0000000000
 1871.7308000 85.913444519 0.0006142220 0.0022079900 0.2629402876 3.0000000000
 1872.2308000 83.837890625 0.0007124522 0.0022336901 0.3448744714 3.0000000000
 1872.7308000 80.953292847 0.0007579155 0.0022547401 0.3823220134 3.0000000000
 1873.2308000 79.773414612 0.0008697737 0.0022566700 0.5025540590 3.0000000000
 1873.7308000 80.581558228 0.0010590616 0.0022425400 0.7554644346 3.0000000000
 1874.2308000 82.501159668 0.0011458129 0.0022159300 0.9078291655 3.0000000000
 1874.7308000 85.716926575 0.0011129857 0.0021857300 0.8828091025 2.0000000000
 1875.2308000 88.331260681 0.0010934613 0.0021622700 0.8725794554 2.0000000000
 1875.7308000 90.244194031 0.0010894503 0.0021299201 0.8953968883 2.0000000000
 1876.2308000 90.120903015 0.0010445206 0.0020934900 0.8549054861 2.0000000000
 1876.7308000 87.622978210 0.0009518714 0.0020954302 0.7085255980 2.0000000000
 1877.2308000 84.551490784 0.0008661781 0.0021307201 0.5655309558 2.0000000000
 1877.7308000 80.811096191 0.0007885970 0.0021603801 0.4547198415 2.0000000000
 1878.2308000 78.827606201 0.0009499567 0.0021703199 0.6532137394 2.0000000000
 1878.7308000 78.892997742 0.0013899687 0.0021681900 1.4015090466 2.0000000000
 1879.2308000 79.237701416 0.0016468421 0.0021629401 1.9779077768 2.0000000000
 1879.7308000 79.908149719 0.0016901396 0.0021560299 2.0979959965 2.0000000000
 1880.2308000 80.569839478 0.0018227964 0.0021492299 2.4572765827 2.0000000000
 1880.7308000 81.221298218 0.0020596641 0.0021470101 3.1445450783 2.0000000000
 1881.2308000 80.999244690 0.0019898582 0.0021545901 2.9123396873 2.0000000000
 1881.7308000 79.758499146 0.0015624097 0.0021639101 1.7785397768 2.0000000000
 1882.2308000 79.198249817 0.0012544411 0.0021656000 1.1445332766 2.0000000000
 1882.7308000 79.431602478 0.0010858105 0.0021632600 0.8595454693 2.0000000000
 1883.2308000 79.649490356 0.0008675939 0.0021611000 0.5499817729 2.0000000000
 1883.7308000 79.849365234 0.0005915502 0.0021594800 0.2561031878 2.0000000000
 1884.2308000 79.963363647 0.0004072930 0.0021588199 0.1214892492 2.0000000000
 1884.7308000 79.977210999 0.0003300772 0.0021578700 0.0798684806 2.0000000000
 1885.2308000 80.143829346 0.0002942398 0.0021552301 0.0636380315 2.0000000000
 1885.7308000 80.488594055 0.0003066577 0.0021478201 0.0696486160 2.0000000000
 1886.2308000 81.574707031 0.0003017357 0.0021320900 0.0685300902 2.0000000000
 1886.7308000 83.525360107 0.0002765918 0.0021092300 0.0589665771 2.0000000000
 1887.2308000 85.987693787 0.0002535153 0.0020806200 0.0510486327 2.0000000000
 1887.7308000 89.046745300 0.0002328498 0.0020498601 0.0444998443 2.0000000000
 1888.2308000 91.925880432 0.0002173201 0.0020211102 0.0399854481 2.0000000000
 1888.7308000 94.595191956 0.0002077799 0.0019984499 0.0374698266 2.0000000000
 1889.2308000 96.299316406 0.0001898306 0.0019866300 0.0316865593 2.0000000000
 1889.7308000 96.877830505 0.0001620748 0.0019857099 0.0231215060 2.0000000000
 1890.2308000 96.477302551 0.0001479043 0.0019957700 0.0190422609 2.0000000000
 1890.7308000 94.935012817 0.0001495770 0.0020161001 0.0190459751 2.0000000000
 1891.2308000 92.552612305 0.0002719873 0.0020458600 0.0609776042 2.0000000000
 1891.7308000 89.190498352 0.0005352017 0.0020786200 0.2279973030 2.0000000000
 1892.2308000 86.228744507 0.0009267079 0.0021068898 0.6635500193 2.0000000000
 1892.7308000 83.733894348 0.0014678276 0.0021274700 1.6294856071 2.0000000000
 1893.2308000 82.256034851 0.0018243290 0.0021366400 2.4934308529 2.0000000000
 1893.7308000 81.964172363 0.0019655288 0.0021369800 2.8933291435 2.0000000000
 1894.2308000 82.190269470 0.0019106558 0.0021315098 2.7494938374 2.0000000000
 1894.7308000 83.020439148 0.0016271226 0.0021228800 2.0118918419 2.0000000000
 1895.2308000 83.857154846 0.0016122984 0.0021141700 1.9933477640 2.0000000000
 1895.7308000 84.701507568 0.0019108413 0.0021069599 2.8210153580 2.0000000000
 1896.2308000 85.247467041 0.0021374577 0.0021031098 3.5440411568 2.0000000000
 1896.7308000 85.445434570 0.0022801927 0.0020928001 4.0770125389 2.0000000000
 1897.2308000 87.235679626 0.0023797825 0.0020646399 4.5752730370 2.0000000000
 1897.7308000 90.882850647 0.0024290553 0.0020315901 4.9389586449 2.0000000000
 1898.2308000 93.613670349 0.0020676365 0.0020088400 3.6683318615 2.0000000000
 1898.7308000 95.275863647 0.0012272686 0.0019934601 1.3144456148 2.0000000000
 1899.2308000 96.583450317 0.0006704358 0.0019820500 0.3972484767 2.0000000000
 1899.7308000 97.477500916 0.0004442614 0.0019810400 0.1746272594 2.0000000000
 1900.2308000 96.778259277 0.0003099200 0.0019979100 0.0834127143 2.0000000000
 1900.7308000 94.220932007 0.0002826742 0.0020227700 0.0675289482 2.0000000000
 1901.2308000 91.980781555 0.0003235137 0.0020440600 0.0864369273 2.0000000000
 1901.7308000 90.110527039 0.0004437543 0.0020663401 0.1587965637 2.0000000000
 1902.2308000 87.681007385 0.0008438438 0.0020948900 0.5571465492 2.0000000000
 1902.7308000 84.599258423 0.0015702931 0.0021277301 1.8644256592 2.0000000000
 1903.2308000 81.341392517 0.0022091330 0.0021625499 3.5605595112 2.0000000000
 1903.7308000 77.878143311 0.0027458032 0.0022443100 5.0693998337 3.0000000000
 1904.2308000 75.505760193 0.0030958233 0.0024130200 5.4943752289 3.0000000000
 1904.7308000 74.405548096 0.0032281731 0.0024512000 5.7713894844 3.0000000000
 1905.2308000 74.311386108 0.0029976577 0.0022291900 6.1325416565 3.0000000000
 1905.7308000 75.390480042 0.0023439694 0.0020828999 4.3534483910 2.0000000000
 1906.2308000 77.346557617 0.0017569981 0.0021235200 2.3443293571 2.0000000000
 1906.7308000 80.325386047 0.0012478328 0.0021426601 1.1593526602 2.0000000000
 1907.2308000 82.734001160 0.0008651188 0.0021211400 0.5697691441 2.0000000000
 1907.7308000 84.477630615 0.0006298723 0.0021033401 0.3076833785 2.0000000000
 1908.2308000 86.169357300 0.0006203059 0.0020861300 0.3038511574 2.0000000000
 1908.7308000 87.800552368 0.0008739278 0.0020718700 0.6122849584 2.0000000000
 1909.2308000 88.922386169 0.0010854646 0.0020633200 0.9532017708 2.0000000000
 1909.7308000 89.450202942 0.0012479220 0.0020578501 1.2672567368 2.0000000000
 1910.2308000 89.977996826 0.0013585318 0.0020523900 1.5106638670 2.0000000000
 1910.7308000 90.505760193 0.0014086773 0.0020495299 1.6292347908 2.0000000000
 1911.2308000 90.530441284 0.0013365875 0.0020523099 1.4623801708 2.0000000000
 1911.7308000 89.968437195 0.0011219472 0.0020616201 1.0202012062 2.0000000000
 1912.2308000 88.733268738 0.0010943528 0.0020784899 0.9533872008 2.0000000000
 1912.7308000 86.713073730 0.0012848914 0.0021002099 1.2845613956 2.0000000000
 1913.2308000 84.541252136 0.0017210481 0.0021236301 2.2491192818 2.0000000000
 1913.7308000 82.192626953 0.0024436445 0.0021478802 4.4223585129 2.0000000000
 1914.2308000 79.858322144 0.0029500148 0.0021719700 6.2888317108 2.0000000000
 1914.7308000 77.540725708 0.0032042216 0.0021908700 7.2792820930 2.0000000000
 1915.2308000 76.211570740 0.0032757600 0.0021961899 7.5674638748 2.0000000000
 1915.7308000 76.035148621 0.0031342688 0.0021562499 7.2133078575 2.0000000000
 1916.2308000 75.951606750 0.0027252692 0.0021585100 5.4410142899 2.0000000000
 1916.7308000 75.976387024 0.0020043016 0.0022495801 2.6872181892 3.0000000000
 1917.2308000 76.299346924 0.0014774645 0.0022449701 1.4667998552 3.0000000000
 1917.7308000 76.970031738 0.0011770225 0.0021868399 0.9862161875 2.0000000000
 1918.2308000 77.560485840 0.0010831691 0.0021811998 0.8399676085 2.0000000000
 1918.7308000 78.057380676 0.0012302392 0.0021746599 1.0907322168 2.0000000000
 1919.2308000 78.823966980 0.0013548428 0.0021650901 1.3357669115 2.0000000000
 1919.7308000 79.905067444 0.0014532460 0.0021498799 1.5608710051 2.0000000000
 1920.2308000 81.760459900 0.0014872099 0.0021259799 1.6753842831 2.0000000000
 1920.7308000 84.518821716 0.0014460249 0.0020999799 1.6273397207 2.0000000000
 1921.2308000 86.778747559 0.0012555140 0.0020795700 1.2534335852 2.0000000000
 1921.7308000 88.457397461 0.0008908593 0.0020642600 0.6414112449 2.0000000000
 1922.2308000 89.732368469 0.0007855237 0.0020534899 0.5044694543 2.0000000000
 1922.7308000 90.536567688 0.0009826059 0.0020574802 0.7859958410 2.0000000000
 1923.2308000 88.964576721 0.0011399389 0.0020881200 1.0240029097 2.0000000000
 1923.7308000 84.621490479 0.0012509164 0.0021331599 1.1765356064 2.0000000000
 1924.2308000 80.270683289 0.0016424761 0.0021624500 1.9684153795 2.0000000000
 1924.7308000 75.910888672 0.0023612506 0.0022129400 3.8667931557 3.0000000000
 1925.2308000 72.002136230 0.0027051051 0.0023171299 4.5864586830 3.0000000000
 1925.7308000 68.619392395 0.0026117295 0.0023739401 4.0534324646 3.0000000000
 1926.2308000 68.101646423 0.0024851463 0.0023008501 3.9314212799 3.0000000000
 1926.7308000 70.925064087 0.0023198365 0.0021815400 3.8515520096 2.0000000000
 1927.2308000 74.753921509 0.0019450088 0.0021463500 2.8060922623 2.0000000000
 1927.7308000 79.755325317 0.0013258400 0.0021383499 1.3146463633 2.0000000000
 1928.2308000 84.136238098 0.0009021841 0.0020967000 0.6356389523 2.0000000000
 1928.7308000 87.793548584 0.0007065352 0.0020638302 0.4036313593 2.0000000000
 1929.2308000 90.481552124 0.0007623430 0.0020418300 0.4811248183 2.0000000000
 1929.7308000 92.039154053 0.0011113995 0.0020294900 1.0363088846 2.0000000000
 1930.2308000 92.863021851 0.0013043141 0.0020253900 1.4336571693 2.0000000000
 1930.7308000 92.831214905 0.0013151361 0.0020192901 1.4672503471 2.0000000000
 1931.2308000 94.040229797 0.0012840838 0.0019992699 1.4297811985 2.0000000000
 1931.7308000 96.696311951 0.0012041979 0.0019687400 1.3007124662 2.0000000000
 1932.2308000 99.934143066 0.0009835152 0.0019316700 0.9047105908 2.0000000000
 1932.7308000 103.85041809 0.0005986358 0.0018878400 0.3525347412 2.0000000000
 1933.2308000 108.39434814 0.0003218264 0.0018369700 0.1081978977 2.0000000000
 1933.7308000 113.67022705 0.0001710483 0.0017918199 0.0322841927 2.0000000000
 1934.2308000 117.10832977 0.0000886766 0.0017673001 0.0089440728 2.0000000000
 1934.7308000 118.40322113 0.0000860804 0.0017608100 0.0084965192 2.0000000000
 1935.2308000 118.36081696 0.0001037297 0.0017693300 0.0122075099 2.0000000000
 1935.7308000 116.75888062 0.0001449894 0.0017935300 0.0231479947 2.0000000000
 1936.2308000 113.68952942 0.0001782675 0.0018342000 0.0333089940 2.0000000000
 1936.7308000 108.90885925 0.0002022375 0.0018807501 0.0405690707 2.0000000000
 1937.2308000 104.70375061 0.0002321851 0.0019208500 0.0510485210 2.0000000000
 1937.7308000 101.16986084 0.0002691039 0.0019596999 0.0656179711 2.0000000000
 1938.2308000 97.206321716 0.0003059797 0.0020033598 0.0808193758 2.0000000000
 1938.7308000 92.741714478 0.0003428054 0.0020449699 0.0969580933 2.0000000000
 1939.2308000 89.173904419 0.0003725873 0.0020765201 0.1107430756 2.0000000000
 1939.7308000 86.651954651 0.0003941547 0.0020988202 0.1210564524 2.0000000000
 1940.2308000 84.869354248 0.0003948083 0.0021128200 0.1196947321 2.0000000000
 1940.7308000 83.948974609 0.0003710724 0.0021162499 0.1053585857 2.0000000000
 1941.2308000 84.207427979 0.0003235217 0.0021064500 0.0809085369 2.0000000000
 1941.7308000 85.840644836 0.0002481985 0.0020892001 0.0484889075 2.0000000000
 1942.2308000 87.537826538 0.0001996056 0.0020712200 0.0319630057 2.0000000000
 1942.7308000 89.309585571 0.0001821855 0.0020527199 0.0271582715 2.0000000000
 1943.2308000 91.109321594 0.0001767987 0.0020339100 0.0260992758 2.0000000000
 1943.7308000 92.941680908 0.0001854452 0.0020151800 0.0293049384 2.0000000000
 1944.2308000 94.723609924 0.0001998762 0.0019970299 0.0347277001 2.0000000000
 1944.7308000 96.446739197 0.0002210529 0.0019790800 0.0433284417 2.0000000000
 1945.2308000 98.187133789 0.0002539642 0.0019609400 0.0583610907 2.0000000000
 1945.7308000 99.947662354 0.0003005602 0.0019503300 0.0827227831 2.0000000000
 1946.2308000 100.23636627 0.0003575748 0.0019562300 0.1163081154 2.0000000000
 1946.7308000 98.808631897 0.0004267395 0.0019745401 0.1622933149 2.0000000000
 1947.2308000 96.700508118 0.0012615912 0.0020004900 1.3782794476 2.0000000000
 1947.7308000 93.798889160 0.0029893871 0.0020330900 7.4682664871 2.0000000000
 1948.2308000 90.408760071 0.0042158100 0.0020711701 14.258943558 2.0000000000
 1948.7308000 86.448921204 0.0048575322 0.0021018700 18.327301025 2.0000000000
 1949.2308000 84.483009338 0.0051949015 0.0021101900 20.780078888 2.0000000000
 1949.7308000 84.842407227 0.0051773349 0.0021017101 20.823432922 2.0000000000
 1950.2308000 86.121925354 0.0043792785 0.0020828899 15.196348190 2.0000000000
 1950.7308000 88.474479675 0.0026710152 0.0020596101 5.7946300507 2.0000000000
 1951.2308000 90.614593506 0.0014310185 0.0020387201 1.7009978294 2.0000000000
 1951.7308000 92.506965637 0.0007371138 0.0020294799 0.4558506310 2.0000000000
 1952.2308000 92.398765564 0.0012372494 0.0020426800 1.2661166191 2.0000000000
 1952.7308000 89.957496643 0.0031298739 0.0020705000 7.8648080826 2.0000000000
 1953.2308000 87.029747009 0.0045282096 0.0021037802 15.894697189 2.0000000000
 1953.7308000 83.534667969 0.0053501055 0.0021348700 21.483621597 2.0000000000
 1954.2308000 81.029457092 0.0057963128 0.0021548399 24.705326080 2.0000000000
 1954.7308000 79.678642273 0.0058043925 0.0021617601 24.600109100 2.0000000000
 1955.2308000 79.693336487 0.0050040716 0.0021533601 18.441251755 2.0000000000
 1955.7308000 81.300468445 0.0032609939 0.0021418200 7.9246010780 2.0000000000
 1956.2308000 81.920623779 0.0020173397 0.0019336200 3.7978832722 2.0000000000
 1956.7308000 81.389747620 0.0013561124 0.0014892800 3.0481994152 1.0000000000
 1957.2308000 80.826683044 0.0011113925 0.0012530499 2.9936740398 1.0000000000
 1957.7308000 80.226089478 0.0013524031 0.0012618500 4.3651108742 1.0000000000
 1958.2308000 79.127975464 0.0014494346 0.0012762401 4.8904180527 1.0000000000
 1958.7308000 77.449645996 0.0013785578 0.0012899999 4.3206853867 1.0000000000
 1959.2308000 76.472030640 0.0015910432 0.0012959001 5.6977920532 1.0000000000
 1959.7308000 76.311584473 0.0021339855 0.0012570401 10.960108757 1.0000000000
 1960.2308000 75.576667786 0.0024882494 0.0012296800 15.640303612 1.0000000000
 1960.7308000 74.171791077 0.0026224768 0.0012966201 15.460916519 1.0000000000
 1961.2308000 73.517440796 0.0026856107 0.0013238101 15.490648270 1.0000000000
 1961.7308000 73.738357544 0.0026658340 0.0013030501 15.803444862 1.0000000000
 1962.2308000 74.666519165 0.0023832652 0.0013161800 12.355237961 1.0000000000
 1962.7308000 76.419471741 0.0017942286 0.0012985299 7.2137522697 1.0000000000
 1963.2308000 78.466041565 0.0015962308 0.0012620200 6.0791893005 1.0000000000
 1963.7308000 80.855049133 0.0018542630 0.0012375801 8.5640935898 1.0000000000
 1964.2308000 83.184570313 0.0020682882 0.0012138000 11.119835854 1.0000000000
 1964.7308000 85.444740295 0.0022309921 0.0011910700 13.487581253 1.0000000000
 1965.2308000 87.571754456 0.0022588747 0.0011698400 14.384874344 1.0000000000
 1965.7308000 89.543495178 0.0021295287 0.0011505100 13.261971474 1.0000000000
 1966.2308000 91.302284241 0.0017863193 0.0011335800 9.6410293579 1.0000000000
 1966.7308000 92.812744141 0.0011937025 0.0011191700 4.4281349182 1.0000000000
 1967.2308000 94.082145691 0.0008102770 0.0011074700 2.0880298615 1.0000000000
 1967.7308000 95.070442200 0.0006708100 0.0010964000 1.4630771875 1.0000000000
 1968.2308000 96.220100403 0.0006069833 0.0010835100 1.2294789553 1.0000000000
 1968.7308000 97.557960510 0.0006313684 0.0010688801 1.3706351519 1.0000000000
 1969.2308000 99.045104980 0.0006164109 0.0010525699 1.3514143229 1.0000000000
 1969.7308000 100.70635223 0.0005555723 0.0010421299 1.1221556664 1.0000000000
 1970.2308000 101.05950165 0.0004651330 0.0010463700 0.7795548439 1.0000000000
 1970.7308000 99.887153625 0.0003401732 0.0010604800 0.4048506021 1.0000000000
 1971.2308000 98.335960388 0.0002587278 0.0010788500 0.2255130559 1.0000000000
 1971.7308000 96.342956543 0.0002280286 0.0010983599 0.1683993042 1.0000000000
 1972.2308000 94.570541382 0.0002063278 0.0011153900 0.1332835406 1.0000000000
 1972.7308000 93.055389404 0.0001951209 0.0011254700 0.1168618575 1.0000000000
 1973.2308000 92.622207642 0.0002062011 0.0011234200 0.1310355365 1.0000000000
 1973.7308000 93.450820923 0.0002432725 0.0011193400 0.1838525087 1.0000000000
 1974.2308000 93.410148621 0.0002792505 0.0011250101 0.2395763248 1.0000000000
 1974.7308000 92.355720520 0.0003139534 0.0011363900 0.2961898446 1.0000000000
 1975.2308000 91.215896606 0.0003640508 0.0011487100 0.3889207542 1.0000000000
 1975.7308000 89.976493835 0.0004321012 0.0011605900 0.5356455445 1.0000000000
 1976.2308000 88.924049377 0.0004492601 0.0011703600 0.5684506297 1.0000000000
 1976.7308000 88.089637756 0.0004070693 0.0011741100 0.4634227455 1.0000000000
 1977.2308000 88.201065063 0.0005034708 0.0011672400 0.7181186080 1.0000000000
 1977.7308000 89.415519714 0.0007614985 0.0011564300 1.6767779589 1.0000000000
 1978.2308000 90.286811829 0.0009369354 0.0011494800 2.5722675323 1.0000000000
 1978.7308000 90.757888794 0.0010160548 0.0011486601 3.0297923088 1.0000000000
 1979.2308000 90.446037292 0.0010510554 0.0011566200 3.1932408810 1.0000000000
 1979.7308000 89.221145630 0.0010346049 0.0011708100 3.0121660233 1.0000000000
 1980.2308000 87.705772400 0.0009366879 0.0011882700 2.3898823261 1.0000000000
 1980.7308000 85.851623535 0.0007437646 0.0012057601 1.4591404200 1.0000000000
 1981.2308000 84.331298828 0.0006135656 0.0012194901 0.9685671926 1.0000000000
 1981.7308000 83.200271606 0.0005565153 0.0012222501 0.7928701639 1.0000000000
 1982.2308000 83.798202515 0.0005309203 0.0012056100 0.7437101007 1.0000000000
 1982.7308000 86.412429810 0.0005420087 0.0011762800 0.8182554841 1.0000000000
 1983.2308000 89.458755493 0.0004907221 0.0011421100 0.7156715393 1.0000000000
 1983.7308000 93.008995056 0.0003666938 0.0011083100 0.4269258082 1.0000000000
 1984.2308000 95.983840942 0.0002887619 0.0010809600 0.2797039747 1.0000000000
 1984.7308000 98.287658691 0.0002645876 0.0010714399 0.2394472510 1.0000000000
 1985.2308000 97.821731567 0.0002767416 0.0010929899 0.2507224679 1.0000000000
 1985.7308000 94.125732422 0.0003312615 0.0011339301 0.3313233852 1.0000000000
 1986.2308000 89.919120789 0.0005972674 0.0011806100 0.9856061339 1.0000000000
 1986.7308000 85.117019653 0.0011099082 0.0012212801 3.1592247486 1.0000000000
 1987.2308000 82.068557739 0.0014586733 0.0012422700 5.2558245659 1.0000000000
 1987.7308000 81.065170288 0.0016163269 0.0012354300 6.5321846008 1.0000000000
 1988.2308000 83.389114380 0.0016682579 0.0011912400 7.5392465591 1.0000000000
 1988.7308000 89.593399048 0.0015968943 0.0011257600 7.8229680061 1.0000000000
 1989.2308000 96.028144836 0.0013250088 0.0010577000 6.1778874397 1.0000000000
 1989.7308000 102.73166656 0.0008192740 0.0010047801 2.6442480087 1.0000000000
 1990.2308000 106.24387360 0.0004436389 0.0009876699 0.8052175641 1.0000000000
 1990.7308000 106.03436279 0.0002197258 0.0010034100 0.1907698214 1.0000000000
 1991.2308000 103.20519257 0.0001527954 0.0010485500 0.0837383121 1.0000000000
 1991.7308000 97.320983887 0.0002689380 0.0011100699 0.2288408577 1.0000000000
 1992.2308000 91.332664490 0.0004368792 0.0011727400 0.5351542234 1.0000000000
 1992.7308000 85.222923279 0.0006652280 0.0012224200 1.1325465441 1.0000000000
 1993.2308000 81.744148254 0.0013863014 0.0012425600 4.7447910309 1.0000000000
 1993.7308000 81.333618164 0.0026819899 0.0012413501 17.797002792 1.0000000000
 1994.2308000 81.978286743 0.0035698316 0.0012282900 32.272560120 1.0000000000
 1994.7308000 83.853530884 0.0039820434 0.0012085200 41.615345001 1.0000000000
 1995.2308000 85.796005249 0.0041383230 0.0011879801 46.673313141 1.0000000000
 1995.7308000 87.816879272 0.0039961352 0.0011720600 44.832263947 1.0000000000
 1996.2308000 88.870552063 0.0033599301 0.0011669900 31.997259140 1.0000000000
 1996.7308000 88.796279907 0.0021476015 0.0011655000 13.109325409 1.0000000000
 1997.2308000 89.157478333 0.0012578499 0.0011591300 4.5516290665 1.0000000000
 1997.7308000 90.026512146 0.0007442869 0.0011430499 1.6433773041 1.0000000000
 1998.2308000 92.259407043 0.0004263024 0.0011116699 0.5731768012 1.0000000000
 1998.7308000 96.082847595 0.0003364013 0.0010690900 0.3889411092 1.0000000000
 1999.2308000 100.47818756 0.0002463658 0.0010201000 0.2312847376 1.0000000000
 1999.7308000 105.54048157 0.0001561739 0.0009745400 0.1027679145 1.0000000000
 2000.2308000 109.27130890 0.0001979877 0.0009439300 0.1771776229 1.0000000000
 2000.7308000 111.44937897 0.0003937467 0.0009296701 0.7246199846 1.0000000000
 2001.2308000 112.02182770 0.0005624982 0.0009334401 1.4657238722 1.0000000000
 2001.7308000 110.72180939 0.0006997538 0.0009433600 2.2161545753 1.0000000000
 2002.2308000 110.10836029 0.0007851015 0.0009455599 2.7754645348 1.0000000000
 2002.7308000 110.29560089 0.0008099141 0.0009324400 3.0458745956 1.0000000000
 2003.2308000 112.64160156 0.0007195321 0.0008950901 2.6302287579 1.0000000000
 2003.7308000 117.50511169 0.0004948099 0.0008398700 1.4309030771 1.0000000000
 2004.2308000 123.30127716 0.0003063549 0.0007741700 0.6561599970 0.0000000000
 2004.7308000 130.18510437 0.0001601949 0.0007074800 0.2187390029 0.0000000000
 2005.2308000 136.17391968 0.0000699351 0.0006508401 0.0500894822 0.0000000000
 2005.7308000 141.11897278 0.0000448660 0.0006072900 0.0240083747 0.0000000000
 2006.2308000 144.58010864 0.0000311498 0.0005803900 0.0127857421 0.0000000000
 2006.7308000 146.31069946 0.0000306732 0.0005674200 0.0130295446 0.0000000000
 2007.2308000 147.08511353 0.0000318971 0.0005651700 0.0142137650 0.0000000000
 2007.7308000 146.74444580 0.0000351040 0.0005705900 0.0168577936 0.0000000000
 2008.2308000 146.03666687 0.0000443885 0.0005801400 0.0259877760 0.0000000000
 2008.7308000 144.90077209 0.0000607607 0.0005887900 0.0471337847 0.0000000000
 2009.2308000 144.36883545 0.0000821140 0.0005906500 0.0854884535 0.0000000000
 2009.7308000 144.54124451 0.0001092762 0.0005851000 0.1545769721 0.0000000000
 2010.2308000 145.43986511 0.0001259540 0.0005714100 0.2163408846 0.0000000000
 2010.7308000 147.18539429 0.0001304048 0.0005524900 0.2497316897 0.0000000000
 2011.2308000 149.09201050 0.0001231015 0.0005317600 0.2420762479 0.0000000000
 2011.7308000 151.18649292 0.0001020905 0.0005157100 0.1781058908 0.0000000000
 2012.2308000 152.18904114 0.0000796009 0.0005119300 0.1100457013 0.0000000000
 2012.7308000 151.91816711 0.0000553872 0.0005180700 0.0518995859 0.0000000000
 2013.2308000 151.00344849 0.0000391237 0.0005314300 0.0244849101 0.0000000000
 2013.7308000 149.33790588 0.0000321318 0.0005472100 0.0154857440 0.0000000000
 2014.2308000 147.95687866 0.0000285125 0.0005598100 0.0115979817 0.0000000000
 2014.7308000 146.90765381 0.0000288263 0.0005658400 0.0115785105 0.0000000000
 2015.2308000 146.79333496 0.0000258744 0.0005613800 0.0094924113 0.0000000000
 2015.7308000 147.76927185 0.0000191141 0.0005604700 0.0051986896 0.0000000000
 2016.2308000 146.96669006 0.0000149789 0.0005795300 0.0029661478 0.0000000000
 2016.7308000 144.09002686 0.0000139050 0.0006226600 0.0021826823 0.0000000000
 2017.2308000 138.64149475 0.0019069351 0.0006946600 32.268054962 1.0000000000
 2017.7308000 130.19369507 0.0060088681 0.0007975100 236.46446228 2.0000000000
 2018.2308000 118.79058075 0.0091009773 0.0009335100 383.63153076 3.0000000000
 2018.7308000 103.94100189 0.0110154310 0.0010793899 408.32934570 3.0000000000
 2019.2308000 90.632164001 0.0122854821 0.0011193200 468.90512085 3.0000000000
 2019.7308000 79.120132446 0.0128040370 0.0011295499 499.23138428 3.0000000000
 2020.2308000 70.002250671 0.0113788098 0.0014031901 244.64556885 3.0000000000
 2020.7308000 63.676406860 0.0076867482 0.0016015901 83.458831787 2.0000000000
 2021.2308000 60.274322510 0.0051198481 0.0014813100 43.963581085 1.0000000000
 2021.7308000 60.281917572 0.0038651074 0.0014984501 24.429250717 1.0000000000
 2022.2308000 61.422763824 0.0032117504 0.0014491900 18.155485153 1.0000000000
 2022.7308000 63.885200500 0.0032597270 0.0012041699 28.109256744 1.0000000000
 2023.2308000 66.164802551 0.0033531263 0.0012060300 29.642305374 1.0000000000
 2023.7308000 68.231185913 0.0034994993 0.0013001600 27.366476059 1.0000000000
 2024.2308000 69.162261963 0.0034288012 0.0012284600 29.763936996 1.0000000000
 2024.7308000 68.769340515 0.0031049552 0.0011588100 27.751327515 1.0000000000
 2025.2308000 66.678436279 0.0034572594 0.0012286600 30.249217987 1.0000000000
 2025.7308000 62.607337952 0.0045980904 0.0013067999 46.719154358 1.0000000000
 2026.2308000 58.117549896 0.0063070930 0.0013325601 84.206863403 2.0000000000
 2026.7308000 53.139484406 0.0086786970 0.0014519501 132.01258850 3.0000000000
 2027.2308000 48.664432526 0.0103827538 0.0016456001 143.45367432 3.0000000000
 2027.7308000 44.775989532 0.0113083152 0.0017336800 151.72744751 3.0000000000
 2028.2308000 41.611061096 0.0112543628 0.0017036200 156.17871094 3.0000000000
 2028.7308000 39.289890289 0.0100580994 0.0017042300 124.64354706 3.0000000000
 2029.2308000 37.788963318 0.0089745894 0.0016655000 104.38329315 3.0000000000
 2029.7308000 37.244606018 0.0080225673 0.0015671700 95.361106873 3.0000000000
 2030.2308000 37.640815735 0.0075612152 0.0016479599 75.840393066 2.0000000000
 2030.7308000 39.133914948 0.0076720803 0.0017400900 69.273727417 2.0000000000
 2031.2308000 41.282653809 0.0077084778 0.0016449000 79.146255493 2.0000000000
 2031.7308000 44.196002960 0.0076580299 0.0016139400 81.448272705 2.0000000000
 2032.2308000 45.774757385 0.0069188168 0.0015559800 72.053466797 2.0000000000
 2032.7308000 45.797111511 0.0053763655 0.0013323100 61.213317871 1.0000000000
 2033.2308000 44.540843964 0.0045689652 0.0013244801 44.785327911 1.0000000000
 2033.7308000 41.793457031 0.0046187812 0.0015763900 31.202880859 2.0000000000
 2034.2308000 39.182102203 0.0049538692 0.0017165400 29.761199951 2.0000000000
 2034.7308000 36.729385376 0.0056216409 0.0018009201 34.485649109 2.0000000000
 2035.2308000 37.378128052 0.0059900922 0.0019211001 33.966987610 2.0000000000
 2035.7308000 41.643783569 0.0060094753 0.0018162499 38.680027008 2.0000000000
 2036.2308000 47.554664612 0.0054025473 0.0014804000 49.018859863 1.0000000000
 2036.7308000 55.384204865 0.0040652147 0.0013557500 33.679977417 1.0000000000
 2037.2308000 63.162250519 0.0029457959 0.0014526200 15.193955421 1.0000000000
 2037.7308000 70.880249023 0.0020805071 0.0013909100 8.3383579254 1.0000000000
 2038.2308000 75.601417542 0.0014699001 0.0012955600 4.8659658432 1.0000000000
 2038.7308000 76.827690125 0.0011563030 0.0012873501 3.0535893440 1.0000000000
 2039.2308000 76.089164734 0.0009807380 0.0013585300 1.9514330626 1.0000000000
 2039.7308000 73.059288025 0.0009661459 0.0014849199 1.5571799278 1.0000000000
 2040.2308000 68.428672791 0.0013044707 0.0014587200 2.9520957470 1.0000000000
 2040.7308000 61.931282043 0.0020543667 0.0013133701 9.2236814499 1.0000000000
 2041.2308000 56.800868988 0.0026735575 0.0013474501 14.765602112 1.0000000000
 2041.7308000 53.264625549 0.0031403187 0.0015551400 14.861223221 2.0000000000
 2042.2308000 50.906776428 0.0033838786 0.0015799799 16.664646149 2.0000000000
 2042.7308000 49.923175812 0.0033671416 0.0014900699 18.770166397 1.0000000000
 2043.2308000 49.989852905 0.0033155889 0.0015177800 17.476800919 2.0000000000
 2043.7308000 51.281368256 0.0032234329 0.0015708201 15.316483498 2.0000000000
 2044.2308000 51.924617767 0.0033661847 0.0015655800 16.826364517 2.0000000000
 2044.7308000 51.811862946 0.0037828847 0.0014510299 25.116447449 1.0000000000
 2045.2308000 51.362262726 0.0041214572 0.0014101199 31.749601364 1.0000000000
 2045.7308000 50.519828796 0.0043689157 0.0016121099 26.575355530 2.0000000000
 2046.2308000 50.233718872 0.0055583068 0.0016974901 38.398040771 2.0000000000
 2046.7308000 50.596382141 0.0078461794 0.0015481800 93.693458557 2.0000000000
 2047.2308000 51.227241516 0.0094204042 0.0015143300 141.79270935 3.0000000000
 2047.7308000 52.170864105 0.0101623731 0.0016628300 134.31513977 3.0000000000
 2048.2308000 53.870334625 0.0104754921 0.0017362600 129.77659607 3.0000000000
 2048.7308000 56.451271057 0.0102884872 0.0015968999 150.48461914 3.0000000000
 2049.2308000 59.354816437 0.0087391455 0.0013947800 146.22625732 3.0000000000
 2049.7308000 62.634597778 0.0056010466 0.0013651400 62.972156525 2.0000000000
 2050.2308000 66.114631653 0.0031524221 0.0014025200 18.797012329 1.0000000000
 2050.7308000 69.828201294 0.0015078607 0.0014128999 4.2313346863 1.0000000000
 2051.2308000 72.926277161 0.0006188623 0.0014674600 0.6557561159 1.0000000000
 2051.7308000 75.306579590 0.0006110016 0.0013905400 0.7195830941 1.0000000000
 2052.2308000 77.034896851 0.0006559555 0.0012842200 0.9879660606 1.0000000000
 2052.7308000 78.002876282 0.0007625017 0.0012716000 1.3643020391 1.0000000000
 2053.2308000 79.470268250 0.0008368919 0.0012533701 1.6965405941 1.0000000000
 2053.7308000 81.520088196 0.0008737816 0.0012298201 1.9282100201 1.0000000000
 2054.2308000 84.015930176 0.0008602586 0.0012012700 1.9681066275 1.0000000000
 2054.7308000 87.031921387 0.0007879441 0.0011716400 1.7443898916 1.0000000000
 2055.2308000 89.734992981 0.0007303639 0.0011455300 1.5749413967 1.0000000000
 2055.7308000 92.073158264 0.0006899670 0.0011307800 1.4461879730 1.0000000000
 2056.2308000 92.581481934 0.0006574070 0.0011365600 1.2982714176 1.0000000000
 2056.7308000 90.955863953 0.0006339867 0.0011599300 1.1545437574 1.0000000000
 2057.2308000 88.070671082 0.0007844294 0.0011974300 1.6480010748 1.0000000000
 2057.7308000 83.716552734 0.0011376312 0.0012428800 3.1934401989 1.0000000000
 2058.2308000 79.298507690 0.0014303955 0.0012766201 4.7596673965 1.0000000000
 2058.7308000 74.805915833 0.0016526775 0.0012099800 7.1493115425 1.0000000000
 2059.2308000 71.729522705 0.0017709846 0.0011066900 9.9901580811 1.0000000000
 2059.7308000 70.304718018 0.0017680365 0.0011775700 8.6858367920 1.0000000000
 2060.2308000 70.403160095 0.0016283116 0.0012259000 6.7433223724 1.0000000000
 2060.7308000 72.278015137 0.0013290772 0.0011547400 5.1243071556 1.0000000000
 2061.2308000 75.147064209 0.0010348357 0.0011994800 2.8573153019 1.0000000000
 2061.7308000 79.175529480 0.0007464174 0.0012451600 1.3692039251 1.0000000000
 2062.2308000 83.401054382 0.0005400873 0.0012001899 0.7772808671 1.0000000000
 2062.7308000 87.856391907 0.0004294883 0.0011576700 0.5321280360 1.0000000000
 2063.2308000 91.607597351 0.0003536911 0.0011230500 0.3858071566 1.0000000000
 2063.7308000 94.537643433 0.0003184797 0.0010978400 0.3288345933 1.0000000000
 2064.2308000 96.474128723 0.0002942777 0.0010837800 0.2888312638 1.0000000000
 2064.7308000 97.251899719 0.0002829149 0.0010810799 0.2684259415 1.0000000000
 2065.2308000 96.996093750 0.0003103522 0.0010899700 0.3172470033 1.0000000000
 2065.7308000 95.534927368 0.0003830380 0.0011080700 0.4660535753 1.0000000000
 2066.2308000 93.503723145 0.0004609413 0.0011325600 0.6432155967 1.0000000000
 2066.7308000 90.807754517 0.0005449293 0.0011596699 0.8533842564 1.0000000000
 2067.2308000 88.270179749 0.0005982813 0.0011850001 0.9809129834 1.0000000000
 2067.7308000 85.917312622 0.0006159056 0.0012038500 1.0040817261 1.0000000000
 2068.2308000 84.631340027 0.0005959807 0.0012107400 0.9284371734 1.0000000000
 2068.7308000 84.589576721 0.0005322660 0.0012075400 0.7448590994 1.0000000000
 2069.2308000 85.247985840 0.0004412273 0.0011964900 0.5223056078 1.0000000000
 2069.7308000 86.722946167 0.0003183231 0.0011837101 0.2783533931 1.0000000000
 2070.2308000 87.716423035 0.0002863483 0.0011763200 0.2283669561 1.0000000000
 2070.7308000 88.148399353 0.0003604154 0.0011769300 0.3613725901 1.0000000000
 2071.2308000 87.597778320 0.0004567142 0.0011885699 0.5678513050 1.0000000000
 2071.7308000 85.901222229 0.0005789396 0.0012050100 0.8852930069 1.0000000000
 2072.2308000 84.424522400 0.0006614533 0.0012189900 1.1266736984 1.0000000000
 2072.7308000 83.204200745 0.0006976552 0.0012253601 1.2390860319 1.0000000000
 2073.2308000 83.194030762 0.0006740676 0.0012181500 1.1718317270 1.0000000000
 2073.7308000 84.595123291 0.0005807534 0.0011996600 0.8996124864 1.0000000000
 2074.2308000 86.765068054 0.0004794837 0.0011725300 0.6448740959 1.0000000000
 2074.7308000 89.831649780 0.0003689361 0.0011446599 0.4025447071 1.0000000000
 2075.2308000 92.144630432 0.0002865050 0.0011252400 0.2520723045 1.0000000000
 2075.7308000 93.578773499 0.0002368633 0.0011145599 0.1759413779 1.0000000000
 2076.2308000 94.205917358 0.0002094910 0.0011129400 0.1380678862 1.0000000000
 2076.7308000 93.891929626 0.0002080892 0.0011199500 0.1343575120 1.0000000000
 2077.2308000 92.853836060 0.0002302413 0.0011350800 0.1597011983 1.0000000000
 2077.7308000 90.971298218 0.0002798620 0.0011544300 0.2273417711 1.0000000000
 2078.2308000 89.119522095 0.0003208128 0.0011734300 0.2882023752 1.0000000000
 2078.7308000 87.303611755 0.0003516525 0.0011884100 0.3367453814 1.0000000000
 2079.2308000 86.227516174 0.0004128483 0.0011950900 0.4584581256 1.0000000000
 2079.7308000 86.014213562 0.0005094453 0.0011934200 0.7002447248 1.0000000000
 2080.2308000 86.549201965 0.0005547525 0.0011833600 0.8459435105 1.0000000000
 2080.7308000 87.956855774 0.0005402454 0.0011669000 0.8273858428 1.0000000000
 2081.2308000 89.725585938 0.0005262418 0.0011464000 0.8162649870 1.0000000000
 2081.7308000 91.915405273 0.0005128256 0.0011311700 0.7983220220 1.0000000000
 2082.2308000 92.664741516 0.0005220232 0.0011321000 0.8257204294 1.0000000000
 2082.7308000 91.734176636 0.0005575930 0.0011442300 0.9202488661 1.0000000000
 2083.2308000 90.323890686 0.0006221700 0.0011617399 1.1080991030 1.0000000000
 2083.7308000 88.354141235 0.0007205753 0.0011806199 1.4345527887 1.0000000000
 2084.2308000 86.680061340 0.0008601532 0.0011961800 1.9860916138 1.0000000000
 2084.7308000 85.350791931 0.0010477470 0.0012026699 2.9119951725 1.0000000000
 2085.2308000 85.428115845 0.0012099820 0.0011933600 3.9505774975 1.0000000000
 2085.7308000 87.145812988 0.0013426436 0.0011773200 5.0113363266 1.0000000000
 2086.2308000 88.525489807 0.0014072957 0.0011650700 5.6337332726 1.0000000000
 2086.7308000 89.510993958 0.0013926346 0.0011603701 5.5662412643 1.0000000000
 2087.2308000 89.431755066 0.0013160387 0.0011676200 4.9031362534 1.0000000000
 2087.7308000 88.110809326 0.0011672133 0.0011886000 3.7087016106 1.0000000000
 2088.2308000 85.382850647 0.0010560846 0.0012253700 2.8392884731 1.0000000000
 2088.7308000 81.014030457 0.0009889181 0.0012738501 2.2859165668 1.0000000000
 2089.2308000 76.763938904 0.0009628367 0.0013227799 1.9944931269 1.0000000000
 2089.7308000 72.652297974 0.0009846686 0.0014276101 1.7637583017 1.0000000000
 2090.2308000 69.398544312 0.0012859108 0.0015048200 2.6788952351 2.0000000000
 2090.7308000 67.145233154 0.0019130018 0.0013757700 7.2215418816 1.0000000000
 2091.2308000 66.492042542 0.0024199665 0.0012794300 13.557585716 1.0000000000
 2091.7308000 67.704902649 0.0027868405 0.0013314501 16.470602036 1.0000000000
 2092.2308000 69.834617615 0.0029686824 0.0012904000 20.023218155 1.0000000000
 2092.7308000 73.033561707 0.0029347409 0.0012213300 22.085479736 1.0000000000
 2093.2308000 76.578071594 0.0026389158 0.0012351200 17.421716690 1.0000000000
 2093.7308000 80.525581360 0.0020376819 0.0012385600 10.324172974 1.0000000000
 2094.2308000 83.323287964 0.0014714866 0.0012165300 5.6007018089 1.0000000000
 2094.7308000 84.780090332 0.0009461527 0.0012078100 2.3524773121 1.0000000000
 2095.2308000 85.007072449 0.0006243376 0.0012128900 1.0149202347 1.0000000000
 2095.7308000 83.799835205 0.0005398662 0.0012293999 0.7366264462 1.0000000000
 2096.2308000 81.819580078 0.0004907568 0.0012545800 0.5821518898 1.0000000000
 2096.7308000 78.937835693 0.0004828866 0.0012058100 0.6150022745 1.0000000000
 2097.2308000 76.549476624 0.0004816584 0.0011223600 0.7164525986 1.0000000000
 2097.7308000 74.736503601 0.0004881762 0.0012584500 0.5721554756 1.0000000000
 2098.2308000 74.185737610 0.0005059087 0.0014025500 0.4840874970 1.0000000000
 2098.7308000 75.106979370 0.0005367196 0.0013002100 0.6436729431 1.0000000000
 2099.2308000 76.305107117 0.0005649190 0.0012453300 0.7840550542 1.0000000000
 2099.7308000 77.826148987 0.0005900728 0.0012738300 0.8138905764 1.0000000000
 2100.2308000 79.215545654 0.0007011922 0.0012602300 1.1767511368 1.0000000000
 2100.7308000 80.451431274 0.0009125647 0.0012501900 2.0285236835 1.0000000000
 2101.2308000 81.154083252 0.0011017933 0.0012461300 2.9782481194 1.0000000000
 2101.7308000 81.234886169 0.0012651978 0.0012432000 3.9475405216 1.0000000000
 2102.2308000 81.720787048 0.0014089871 0.0012357200 4.9612355232 1.0000000000
 2102.7308000 82.679122925 0.0015299013 0.0012234700 5.9789032936 1.0000000000
 2103.2308000 84.085533142 0.0015611269 0.0012061900 6.4233536720 1.0000000000
 2103.7308000 86.014495850 0.0014877578 0.0011878799 6.0334377289 1.0000000000
 2104.2308000 87.618064880 0.0013936133 0.0011732300 5.4405350685 1.0000000000
 2104.7308000 88.842178345 0.0012752411 0.0011633800 4.6408457756 1.0000000000
 2105.2308000 89.520416260 0.0011476156 0.0011596500 3.7850673199 1.0000000000
 2105.7308000 89.562080383 0.0010091991 0.0011604200 2.9228074551 1.0000000000
 2106.2308000 89.370849609 0.0008603858 0.0011638100 2.1107938290 1.0000000000
 2106.7308000 88.908027649 0.0006994476 0.0011642401 1.3938525915 1.0000000000
 2107.2308000 89.288658142 0.0005655981 0.0011551901 0.9272103906 1.0000000000
 2107.7308000 90.652915955 0.0004633391 0.0011385700 0.6424014568 1.0000000000
 2108.2308000 92.496116638 0.0003700906 0.0011165800 0.4278174043 1.0000000000
 2108.7308000 94.897865295 0.0002873501 0.0010907000 0.2715632915 1.0000000000
 2109.2308000 97.493377686 0.0002478471 0.0010626300 0.2139573395 1.0000000000
 2109.7308000 100.31484222 0.0002587677 0.0010343799 0.2474707067 1.0000000000
 2110.2308000 102.94596100 0.0002694682 0.0010082700 0.2838874161 1.0000000000
 2110.7308000 105.35507965 0.0002799123 0.0009842101 0.3230359554 1.0000000000
 2111.2308000 107.59040070 0.0002832930 0.0009621000 0.3478461802 1.0000000000
 2111.7308000 109.62303925 0.0002784365 0.0009461200 0.3486346304 1.0000000000
 2112.2308000 110.67378998 0.0002631681 0.0009411700 0.3150624037 1.0000000000
 2112.7308000 110.57945251 0.0002357574 0.0009477100 0.2490260899 1.0000000000
 2113.2308000 109.41210938 0.0002154586 0.0009662900 0.1992926300 1.0000000000
 2113.7308000 106.99342346 0.0002034536 0.0009912499 0.1680071354 1.0000000000
 2114.2308000 104.59377289 0.0002055254 0.0010159999 0.1623921096 1.0000000000
 2114.7308000 102.21633148 0.0002240137 0.0010357701 0.1849139482 1.0000000000
 2115.2308000 100.77665710 0.0002237596 0.0010450199 0.1809211373 1.0000000000
 2115.7308000 100.43061829 0.0002016483 0.0010446100 0.1470583677 1.0000000000
 2116.2308000 100.85674286 0.0002772633 0.0010355300 0.2834177315 1.0000000000
 2116.7308000 102.18335724 0.0004668469 0.0010243400 0.8229470849 1.0000000000
 2117.2308000 103.01687622 0.0006479996 0.0010186801 1.6049677134 1.0000000000
 2117.7308000 103.27536774 0.0008193200 0.0010169500 2.5754194260 1.0000000000
 2118.2308000 103.35109711 0.0009367851 0.0010172700 3.3644971848 1.0000000000
 2118.7308000 103.21369171 0.0009914440 0.0010188899 3.7554013729 1.0000000000
 2119.2308000 103.03888702 0.0009351377 0.0010209200 3.3263611794 1.0000000000
 2119.7308000 102.82050323 0.0007494239 0.0010211701 2.1352038383 1.0000000000
 2120.2308000 102.99125671 0.0005714556 0.0010170500 1.2525987625 1.0000000000
 2120.7308000 103.61583710 0.0004025201 0.0010110800 0.6295742989 1.0000000000
 2121.2308000 104.14344788 0.0002815443 0.0010062000 0.3113064170 1.0000000000
 2121.7308000 104.55798340 0.0002164991 0.0010004600 0.1864114553 1.0000000000
 2122.2308000 105.25128937 0.0001758652 0.0009915900 0.1254379600 1.0000000000
 2122.7308000 106.26969910 0.0001636998 0.0009804199 0.1114268154 1.0000000000
 2123.2308000 107.40660095 0.0001506261 0.0009679300 0.0970383808 1.0000000000
 2123.7308000 108.68166351 0.0001364930 0.0009547600 0.0821208283 1.0000000000
 2124.2308000 109.94837189 0.0001339096 0.0009416800 0.0814772397 1.0000000000
 2124.7308000 111.20533752 0.0001447956 0.0009312400 0.0976281837 1.0000000000
 2125.2308000 111.96283722 0.0001511162 0.0009264100 0.1075609550 1.0000000000
 2125.7308000 112.13784790 0.0001521125 0.0009258000 0.1091419980 1.0000000000
 2126.2308000 112.08161926 0.0001493461 0.0009277800 0.1047149301 1.0000000000
 2126.7308000 111.75572968 0.0001421916 0.0009310900 0.0941816121 1.0000000000
 2127.2308000 111.44333649 0.0001331334 0.0009342500 0.0819511935 1.0000000000
 2127.7308000 111.14672089 0.0001218552 0.0009376700 0.0681048110 1.0000000000
 2128.2308000 110.78254700 0.0001116954 0.0009418500 0.0566644520 1.0000000000
 2128.7308000 110.33959198 0.0001028400 0.0009454199 0.0476375371 1.0000000000
 2129.2308000 110.09332275 0.0000997250 0.0009467800 0.0446539745 1.0000000000
 2129.7308000 110.07642365 0.0001033046 0.0009452100 0.0480924584 1.0000000000
 2130.2308000 110.39695740 0.0001061167 0.0009398500 0.0513852499 1.0000000000
 2130.7308000 111.11100006 0.0001080336 0.0009306600 0.0544223934 1.0000000000
 2131.2308000 112.17102814 0.0001061486 0.0009175900 0.0542002246 1.0000000000
 2131.7308000 113.63455963 0.0000998296 0.0009033800 0.0496139042 1.0000000000
 2132.2308000 114.91300201 0.0001046530 0.0008912500 0.0561700463 1.0000000000
 2132.7308000 115.97557068 0.0001224709 0.0008847600 0.0781716779 1.0000000000
 2133.2308000 116.16609192 0.0001323620 0.0008880500 0.0905658230 1.0000000000
 2133.7308000 115.33962250 0.0001330091 0.0008988400 0.0890555978 1.0000000000
 2134.2308000 114.08394623 0.0001543726 0.0009144400 0.1155044362 1.0000000000
 2134.7308000 112.32776642 0.0001998955 0.0009325500 0.1854930073 1.0000000000
 2135.2308000 110.58924103 0.0002292682 0.0009504600 0.2340094447 1.0000000000
 2135.7308000 108.87129211 0.0002398064 0.0009645900 0.2478377819 1.0000000000
 2136.2308000 107.86122894 0.0002428666 0.0009707800 0.2506512702 1.0000000000
 2136.7308000 107.67672729 0.0002372061 0.0009693800 0.2398637980 1.0000000000
 2137.2308000 108.12938690 0.0002179649 0.0009608400 0.2065098584 1.0000000000
 2137.7308000 109.32508850 0.0001828861 0.0009484400 0.1496027261 1.0000000000
 2138.2308000 110.52355194 0.0001516439 0.0009360000 0.1058870479 1.0000000000
 2138.7308000 111.72521210 0.0001248759 0.0009242501 0.0738278702 1.0000000000
 2139.2308000 112.79219818 0.0001397798 0.0009140100 0.0947974250 1.0000000000
 2139.7308000 113.70216370 0.0002032814 0.0009069400 0.2039493322 1.0000000000
 2140.2308000 114.15647125 0.0002501478 0.0009049900 0.3102966845 1.0000000000
 2140.7308000 114.07942963 0.0002776144 0.0009062700 0.3809932172 1.0000000000
 2141.2308000 113.90959167 0.0002973276 0.0009085900 0.4345712066 1.0000000000
 2141.7308000 113.63150787 0.0003079989 0.0009113700 0.4632015228 1.0000000000
 2142.2308000 113.37320709 0.0003186196 0.0009139300 0.4926477671 1.0000000000
 2142.7308000 113.13799286 0.0003291814 0.0009147100 0.5248642564 1.0000000000
 2143.2308000 113.22319794 0.0003358424 0.0009118899 0.5500442386 1.0000000000
 2143.7308000 113.68208313 0.0003379543 0.0009059000 0.5651182532 1.0000000000
 2144.2308000 114.38020325 0.0003324824 0.0008972200 0.5586755872 1.0000000000
 2144.7308000 115.35732269 0.0003181663 0.0008890301 0.5220260024 1.0000000000
 2145.2308000 115.96003723 0.0002728391 0.0008850500 0.3876895905 1.0000000000
 2145.7308000 116.12613678 0.0001913471 0.0008905200 0.1881168634 1.0000000000
 2146.2308000 114.90538025 0.0001265363 0.0009115400 0.0781490505 1.0000000000
 2146.7308000 112.06726837 0.0000811792 0.0009480000 0.0295060351 1.0000000000
 2147.2308000 107.86678314 0.0001096101 0.0009997600 0.0478553064 1.0000000000
 2147.7308000 102.07749939 0.0002240925 0.0010626400 0.1749061793 1.0000000000
 2148.2308000 95.728637695 0.0003299072 0.0011318100 0.3299756348 1.0000000000
 2148.7308000 88.727195740 0.0004256136 0.0011988999 0.4838474691 1.0000000000
 2149.2308000 82.778045654 0.0005425791 0.0012808300 0.6798996925 1.0000000000
 2149.7308000 78.056083679 0.0006843370 0.0013264801 1.0013788939 1.0000000000
 2150.2308000 74.009933472 0.0007869113 0.0013449400 1.2844144106 1.0000000000
 2150.7308000 70.751922607 0.0008437898 0.0013959201 1.3607405424 1.0000000000
 2151.2308000 68.016845703 0.0009561297 0.0013295800 1.9447412491 1.0000000000
 2151.7308000 65.891616821 0.0011331486 0.0013012900 2.8638527393 1.0000000000
 2152.2308000 63.754634857 0.0012386403 0.0014996401 2.5044877529 1.0000000000
 2152.7308000 61.603958130 0.0012607168 0.0016168100 2.1987979412 2.0000000000
 2153.2308000 60.397678375 0.0020288923 0.0016145899 5.7119059563 2.0000000000
 2153.7308000 60.292747498 0.0036671672 0.0016413500 17.997774124 2.0000000000
 2154.2308000 60.700057983 0.0051928260 0.0015709799 39.740390778 2.0000000000
 2154.7308000 61.704738617 0.0065871514 0.0014290001 78.763381958 2.0000000000
 2155.2308000 62.964725494 0.0074532651 0.0013793799 108.99048615 2.0000000000
 2155.7308000 64.522445679 0.0077033797 0.0014063700 111.56900024 2.0000000000
 2156.2308000 66.480018616 0.0070704753 0.0014339000 90.064933777 2.0000000000
 2156.7308000 68.903915405 0.0054077934 0.0014799901 49.144035339 1.0000000000
 2157.2308000 71.569969177 0.0037938573 0.0013962799 27.493024826 1.0000000000
 2157.7308000 74.518424988 0.0022367653 0.0012803801 11.563658714 1.0000000000
 2158.2308000 77.473915100 0.0012767522 0.0012693299 3.8401598930 1.0000000000
 2158.7308000 80.437622070 0.0010130514 0.0012439201 2.5276648998 1.0000000000
 2159.2308000 82.377914429 0.0011010307 0.0012300001 3.0606071949 1.0000000000
 2159.7308000 83.124687195 0.0015991390 0.0012263199 6.4989633560 1.0000000000
 2160.2308000 83.087554932 0.0019809660 0.0012314400 9.8819999695 1.0000000000
 2160.7308000 82.136245728 0.0022271860 0.0012443200 12.208503723 1.0000000000
 2161.2308000 80.602500916 0.0023417729 0.0012637400 13.044953346 1.0000000000
 2161.7308000 78.389518738 0.0023028483 0.0012143799 13.770527840 1.0000000000
 2162.2308000 75.912666321 0.0020397382 0.0012071400 10.946670532 1.0000000000
 2162.7308000 73.128074646 0.0015151827 0.0012984900 5.1447591782 1.0000000000
 2163.2308000 70.557418823 0.0010959387 0.0012254399 3.0572438240 1.0000000000
 2163.7308000 68.236259460 0.0007995091 0.0011338000 1.9304858446 1.0000000000
 2164.2308000 67.403152466 0.0006061479 0.0011675300 1.0403212309 1.0000000000
 2164.7308000 68.305419922 0.0005329846 0.0012639600 0.6754854321 1.0000000000
 2165.2308000 70.384773254 0.0004640912 0.0013476899 0.4447425306 1.0000000000
 2165.7308000 73.836860657 0.0004001771 0.0012934899 0.3619309962 1.0000000000
 2166.2308000 77.266311646 0.0003620478 0.0012444999 0.3225099444 1.0000000000
 2166.7308000 80.669372559 0.0003539886 0.0012410000 0.3102276325 1.0000000000
 2167.2308000 82.709762573 0.0004697784 0.0012280900 0.5590872765 1.0000000000
 2167.7308000 83.161018372 0.0007300009 0.0012264200 1.3540679216 1.0000000000
 2168.2308000 83.033706665 0.0009343474 0.0012312400 2.1991901398 1.0000000000
 2168.7308000 82.231674194 0.0010735315 0.0012405700 2.8553724289 1.0000000000
 2169.2308000 81.232543945 0.0011476143 0.0012521100 3.1972637177 1.0000000000
 2169.7308000 80.003570557 0.0011457766 0.0012687700 3.0956904888 1.0000000000
 2170.2308000 78.015663147 0.0013284351 0.0014174500 3.2610964775 1.0000000000
 2170.7308000 75.142692566 0.0017262532 0.0015751100 4.3664150238 2.0000000000
 2171.2308000 71.359184265 0.0021819042 0.0014369901 8.5363664627 1.0000000000
 2171.7308000 66.513801575 0.0027050006 0.0012492600 17.852476120 1.0000000000
 2172.2308000 62.595661163 0.0031536177 0.0013170401 21.602315903 1.0000000000
 2172.7308000 59.758876801 0.0035153762 0.0015571000 18.571514130 2.0000000000
 2173.2308000 58.648536682 0.0035032600 0.0016295700 16.687223434 2.0000000000
 2173.7308000 59.551567078 0.0030551325 0.0014872301 15.517727852 1.0000000000
 2174.2308000 61.472606659 0.0025622093 0.0014723501 11.158473969 1.0000000000
 2174.7308000 64.580848694 0.0020170461 0.0015201101 6.4462413788 2.0000000000
 2175.2308000 66.779968262 0.0016257443 0.0015188700 4.1952624321 2.0000000000
 2175.7308000 67.918869019 0.0014138755 0.0014758800 3.3799479008 1.0000000000
 2176.2308000 68.562149048 0.0018997096 0.0012896999 8.2091712952 1.0000000000
 2176.7308000 68.627441406 0.0031992053 0.0012421000 25.289470673 1.0000000000
 2177.2308000 68.721855164 0.0042693401 0.0014124000 33.948024750 1.0000000000
 2177.7308000 68.850234985 0.0050719967 0.0015305700 40.149570465 2.0000000000
 2178.2308000 69.142387390 0.0055012396 0.0014155901 56.086536407 2.0000000000
 2178.7308000 69.625534058 0.0054950109 0.0012171600 78.013938904 1.0000000000
 2179.2308000 69.674674988 0.0049077584 0.0012123999 62.769023895 1.0000000000
 2179.7308000 69.217704773 0.0036429178 0.0012907401 30.133764267 1.0000000000
 2180.2308000 68.943885803 0.0025739965 0.0013755000 13.079845428 1.0000000000
 2180.7308000 68.883666992 0.0017335567 0.0013863499 5.8311719894 1.0000000000
 2181.2308000 69.496932983 0.0012073898 0.0013387300 3.0547127724 1.0000000000
 2181.7308000 70.895599365 0.0010477284 0.0013366000 2.3083100319 1.0000000000
 2182.2308000 73.025154114 0.0013364165 0.0013009299 3.9858875275 1.0000000000
 2182.7308000 76.007057190 0.0021479703 0.0012665200 10.922197342 1.0000000000
 2183.2308000 78.556205750 0.0028522382 0.0012628700 19.381284714 1.0000000000
 2183.7308000 80.600662231 0.0034313896 0.0012430000 29.047151566 1.0000000000
 2184.2308000 82.392845154 0.0037362012 0.0012259500 35.499355316 1.0000000000
 2184.7308000 83.890815735 0.0037210793 0.0012119201 36.115623474 1.0000000000
 2185.2308000 85.099830627 0.0032736559 0.0012011400 28.507560730 1.0000000000
 2185.7308000 85.971855164 0.0023220838 0.0011935900 14.543683052 1.0000000000
 2186.2308000 86.557479858 0.0015177678 0.0011892600 6.2632770538 1.0000000000
 2186.7308000 86.809089661 0.0008851817 0.0011884600 2.1335301399 1.0000000000
 2187.2308000 86.711448669 0.0005467322 0.0011915800 0.8092417717 1.0000000000
 2187.7308000 86.206489563 0.0005513046 0.0011971201 0.8144797087 1.0000000000
 2188.2308000 85.641685486 0.0005625768 0.0012033400 0.8385119438 1.0000000000
 2188.7308000 85.007072449 0.0005816623 0.0012082300 0.8884083629 1.0000000000
 2189.2308000 84.695976257 0.0006073401 0.0012095000 0.9663423896 1.0000000000
 2189.7308000 84.762184143 0.0006407059 0.0012096399 1.0751622915 1.0000000000
 2190.2308000 84.670898438 0.0008829216 0.0012115401 2.0347034931 1.0000000000
 2190.7308000 84.395935059 0.0013686978 0.0012178500 4.8340239525 1.0000000000
 2191.2308000 83.452667236 0.0017548660 0.0012316600 7.7518982887 1.0000000000
 2191.7308000 81.730010986 0.0020248713 0.0012521399 9.9531040192 1.0000000000
 2192.2308000 79.498382568 0.0022867653 0.0013439601 10.864085197 1.0000000000
 2192.7308000 76.673194885 0.0025392005 0.0015559600 9.7050418854 2.0000000000
 2193.2308000 74.220451355 0.0027454935 0.0016032601 10.622631073 2.0000000000
 2193.7308000 72.202072144 0.0028979755 0.0014113199 15.667992592 1.0000000000
 2194.2308000 71.231376648 0.0029567785 0.0013823999 17.070390701 1.0000000000
 2194.7308000 71.482490540 0.0029063332 0.0013911800 16.264753342 1.0000000000
 2195.2308000 72.198539734 0.0028431206 0.0012899201 18.380292892 1.0000000000
 2195.7308000 73.456802368 0.0027650169 0.0012842900 17.552410126 1.0000000000
 2196.2308000 73.770179749 0.0025905622 0.0012317799 16.889436722 1.0000000000
 2196.7308000 72.981636047 0.0023037423 0.0012069501 13.968550682 1.0000000000
 2197.2308000 70.860694885 0.0027805716 0.0013659900 15.498283386 1.0000000000
 2197.7308000 67.185928345 0.0041479683 0.0013903800 33.172420502 1.0000000000
 2198.2308000 63.787189484 0.0052898712 0.0012797500 64.746292114 1.0000000000
 2198.7308000 60.710353851 0.0061688032 0.0014329400 68.659431458 2.0000000000
 2199.2308000 59.313686371 0.0065148934 0.0016210801 58.377403259 2.0000000000
 2199.7308000 59.876426697 0.0062395819 0.0015438300 59.620018005 2.0000000000
 2200.2308000 61.650936127 0.0053182933 0.0014449700 50.102008820 1.0000000000
 2200.7308000 64.838607788 0.0036436662 0.0014960100 21.788196564 1.0000000000
 2201.2308000 67.540588379 0.0024212669 0.0015784000 8.5508193970 2.0000000000
 2201.7308000 69.676162720 0.0017262545 0.0014488600 5.2474880219 1.0000000000
 2202.2308000 70.924148560 0.0014618217 0.0013125101 4.6769528389 1.0000000000
 2202.7308000 71.137039185 0.0016995303 0.0013771600 5.6871170998 1.0000000000
 2203.2308000 71.272018433 0.0018412940 0.0013727499 6.7227215767 1.0000000000
 2203.7308000 71.316139221 0.0018711668 0.0012819000 8.0713443756 1.0000000000
 2204.2308000 71.867881775 0.0017638726 0.0012433500 7.6705932617 1.0000000000
 2204.7308000 73.011627197 0.0014966137 0.0012498600 5.4591422081 1.0000000000
 2205.2308000 74.136711121 0.0012758673 0.0013679001 3.2530550957 1.0000000000
 2205.7308000 75.240051270 0.0011093637 0.0014913600 2.0336043835 1.0000000000
 2206.2308000 75.680809021 0.0010230069 0.0014814199 1.7549514771 1.0000000000
 2206.7308000 75.348869324 0.0010301170 0.0014125501 1.9758986235 1.0000000000
 2207.2308000 74.394981384 0.0010099789 0.0013626500 2.0557918549 1.0000000000
 2207.7308000 72.715789795 0.0009580638 0.0013161901 1.9965854883 1.0000000000
 2208.2308000 71.537597656 0.0009497245 0.0011994201 2.4069018364 1.0000000000
 2208.7308000 70.943664551 0.0009922030 0.0011486000 2.8895463943 1.0000000000
 2209.2308000 72.160476685 0.0010231889 0.0012673099 2.4749672413 1.0000000000
 2209.7308000 75.488975525 0.0010407720 0.0013045099 2.4028513432 1.0000000000
 2210.2308000 80.452537537 0.0009847882 0.0012182300 2.5008130074 1.0000000000
 2210.7308000 87.322914124 0.0008430108 0.0011437901 2.1052534580 1.0000000000
 2211.2308000 94.819007874 0.0006727350 0.0010623400 1.5772783756 1.0000000000
 2211.7308000 103.04480743 0.0004692244 0.0009815100 0.9132562280 1.0000000000
 2212.2308000 110.41957855 0.0003069744 0.0009102400 0.4613826871 1.0000000000
 2212.7308000 116.80187988 0.0001928428 0.0008492600 0.2120885104 1.0000000000
 2213.2308000 122.19096375 0.0001214924 0.0007994300 0.0961570814 0.0000000000
 2213.7308000 126.42173767 0.0001000335 0.0007641100 0.0720026121 0.0000000000
 2214.2308000 129.00888062 0.0000837898 0.0007472400 0.0530602969 0.0000000000
 2214.7308000 129.67919922 0.0000736279 0.0007462300 0.0410926715 0.0000000000
 2215.2308000 129.20356750 0.0001065460 0.0007580800 0.0831192210 0.0000000000
 2215.7308000 127.39154053 0.0001897042 0.0007789000 0.2482528239 0.0000000000
 2216.2308000 125.18443298 0.0002650964 0.0008041500 0.4519247413 1.0000000000
 2216.7308000 122.51657867 0.0003314319 0.0008257800 0.6663265228 1.0000000000
 2217.2308000 121.00871277 0.0003659299 0.0008344000 0.7939117551 1.0000000000
 2217.7308000 120.85360718 0.0003632986 0.0008317100 0.7881141901 1.0000000000
 2218.2308000 121.52902222 0.0003181314 0.0008196900 0.6239987612 1.0000000000
 2218.7308000 123.17297363 0.0002233587 0.0008027000 0.3220985234 1.0000000000
 2219.2308000 124.80725098 0.0001417724 0.0007858400 0.1359716654 0.0000000000
 2219.7308000 126.43026733 0.0000755639 0.0007727300 0.0400836691 0.0000000000
 2220.2308000 127.33635712 0.0000490390 0.0007676600 0.0171281844 0.0000000000
 2220.7308000 127.40638733 0.0000687931 0.0007664200 0.0338269323 0.0000000000
 2221.2308000 127.57785797 0.0000871590 0.0007640300 0.0546740629 0.0000000000
 2221.7308000 127.86763000 0.0001039060 0.0007593500 0.0787605122 0.0000000000
 2222.2308000 128.48051453 0.0001113706 0.0007510500 0.0926978290 0.0000000000
 2222.7308000 129.47019958 0.0001080101 0.0007409400 0.0898268893 0.0000000000
 2223.2308000 130.43203735 0.0000969094 0.0007311400 0.0744612217 0.0000000000
 2223.7308000 131.36137390 0.0000767818 0.0007247600 0.0476529226 0.0000000000
 2224.2308000 131.66198730 0.0000611550 0.0007254500 0.0301666912 0.0000000000
 2224.7308000 131.22930908 0.0000507769 0.0007298700 0.0205207355 0.0000000000
 2225.2308000 130.80955505 0.0000473931 0.0007341400 0.0176488310 0.0000000000
 2225.7308000 130.40486145 0.0000521658 0.0007369300 0.0212047957 0.0000000000
 2226.2308000 130.26925659 0.0000540682 0.0007367200 0.0227938648 0.0000000000
 2226.7308000 130.44741821 0.0000526231 0.0007354000 0.0216771010 0.0000000000
 2227.2308000 130.52366638 0.0000500225 0.0007352200 0.0195980351 0.0000000000
 2227.7308000 130.48103333 0.0000460743 0.0007383700 0.0164707620 0.0000000000
 2228.2308000 129.91642761 0.0000489501 0.0007473700 0.0181021001 0.0000000000
 2228.7308000 128.74307251 0.0000597843 0.0007601400 0.0260140374 0.0000000000
 2229.2308000 127.45159149 0.0000682190 0.0007742399 0.0325300060 0.0000000000
 2229.7308000 126.02233124 0.0000738555 0.0007833799 0.0371557958 0.0000000000
 2230.2308000 125.68869781 0.0000806786 0.0007802100 0.0447354652 0.0000000000
 2230.7308000 126.63278961 0.0000888856 0.0007671900 0.0563477129 0.0000000000
 2231.2308000 128.20111084 0.0000899250 0.0007471700 0.0611277632 0.0000000000
 2231.7308000 130.49740601 0.0000826058 0.0007233100 0.0553996339 0.0000000000
 2232.2308000 132.80664063 0.0000751942 0.0006993100 0.0494419150 0.0000000000
 2232.7308000 135.13099670 0.0000676750 0.0006816000 0.0423732325 0.0000000000
 2233.2308000 136.22453308 0.0000620154 0.0006777000 0.0360344015 0.0000000000
 2233.7308000 135.88270569 0.0000585246 0.0006842500 0.0314198285 0.0000000000
 2234.2308000 134.96154785 0.0000601857 0.0006973000 0.0318759382 0.0000000000
 2234.7308000 133.36479187 0.0000678550 0.0007132300 0.0385530666 0.0000000000
 2235.2308000 131.88615417 0.0000756173 0.0007278400 0.0457891859 0.0000000000
 2235.7308000 130.54530334 0.0000834878 0.0007381700 0.0541130565 0.0000000000
 2236.2308000 129.89024353 0.0000850402 0.0007408200 0.0557032749 0.0000000000
 2236.7308000 130.03497314 0.0000792244 0.0007391200 0.0485897847 0.0000000000
 2237.2308000 130.21681213 0.0000696099 0.0007370200 0.0377474613 0.0000000000
 2237.7308000 130.44192505 0.0000555654 0.0007389199 0.0239163693 0.0000000000
 2238.2308000 129.84973145 0.0000549118 0.0007499900 0.0226052795 0.0000000000
 2238.7308000 128.30438232 0.0000698746 0.0007702200 0.0345212631 0.0000000000
 2239.2308000 125.94718170 0.0000985948 0.0007995500 0.0633064508 0.0000000000
 2239.7308000 122.64321136 0.0001433589 0.0008325300 0.1224530116 1.0000000000
 2240.2308000 119.57949829 0.0001783104 0.0008628200 0.1751173139 1.0000000000
 2240.7308000 116.79598236 0.0002018186 0.0008852101 0.2120413929 1.0000000000
 2241.2308000 115.25691986 0.0002045239 0.0008936400 0.2132702768 1.0000000000
 2241.7308000 115.16915131 0.0001829688 0.0008898900 0.1722718328 1.0000000000
 2242.2308000 115.98103333 0.0001516588 0.0008760400 0.1225130484 1.0000000000
 2242.7308000 117.84207153 0.0001089725 0.0008587100 0.0660954416 1.0000000000
 2243.2308000 119.32586670 0.0000804469 0.0008456201 0.0372591317 1.0000000000
 2243.7308000 120.36969757 0.0000684354 0.0008396500 0.0273870211 1.0000000000
 2244.2308000 120.47795868 0.0000734178 0.0008441800 0.0311491340 1.0000000000
 2244.7308000 119.49516296 0.0000982187 0.0008533400 0.0544402115 1.0000000000
 2245.2308000 118.71003723 0.0001180626 0.0008602800 0.0772710741 1.0000000000
 2245.7308000 118.15547180 0.0001321256 0.0008614300 0.0964917168 1.0000000000
 2246.2308000 118.48941040 0.0001347461 0.0008526000 0.1026580334 1.0000000000
 2246.7308000 119.85951233 0.0001240224 0.0008365700 0.0906766132 1.0000000000
 2247.2308000 121.58396912 0.0001101136 0.0008165600 0.0753889978 1.0000000000
 2247.7308000 123.72165680 0.0000924903 0.0007985500 0.0558634140 0.0000000000
 2248.2308000 125.05996704 0.0000805874 0.0007895200 0.0434845798 0.0000000000
 2248.7308000 125.46604919 0.0000753556 0.0007877900 0.0382056832 0.0000000000
 2249.2308000 125.39260101 0.0000738872 0.0007914500 0.0363585651 0.0000000000
 2249.7308000 124.75990295 0.0000768077 0.0007958200 0.0388165154 0.0000000000
 2250.2308000 124.54894257 0.0000743902 0.0007954700 0.0364467390 0.0000000000
 2250.7308000 124.82981873 0.0000657475 0.0007893800 0.0289554056 0.0000000000
 2251.2308000 125.72154999 0.0000571048 0.0007764500 0.0226514209 0.0000000000
 2251.7308000 127.32565308 0.0000484619 0.0007596400 0.0171184074 0.0000000000
 2252.2308000 128.96687317 0.0000423314 0.0007424000 0.0137379663 0.0000000000
 2252.7308000 130.65135193 0.0000391310 0.0007254800 0.0123499660 0.0000000000
 2253.2308000 132.23437500 0.0000374044 0.0007096900 0.0118438583 0.0000000000
 2253.7308000 133.69906616 0.0000373964 0.0006949000 0.0124002397 0.0000000000
 2254.2308000 135.08813477 0.0000357396 0.0006809700 0.0118417693 0.0000000000
 2254.7308000 136.38900757 0.0000321598 0.0006704000 0.0099241091 0.0000000000
 2255.2308000 137.12936401 0.0000288360 0.0006661100 0.0080922199 0.0000000000
 2255.7308000 137.21603394 0.0000258106 0.0006708400 0.0063831331 0.0000000000
 2256.2308000 136.21691895 0.0000233823 0.0006877500 0.0049593900 0.0000000000
 2256.7308000 133.95153809 0.0000216504 0.0007143300 0.0039116098 0.0000000000
 2257.2308000 131.08625793 0.0000260961 0.0007476400 0.0051407600 0.0000000000
 2257.7308000 127.52137756 0.0000377460 0.0007806800 0.0097791702 0.0000000000
 2258.2308000 124.70953369 0.0000503396 0.0008052700 0.0162460618 1.0000000000
 2258.7308000 122.77584076 0.0000640336 0.0008191000 0.0253206175 1.0000000000
 2259.2308000 122.03868103 0.0000773742 0.0008195100 0.0369294919 1.0000000000
 2259.7308000 122.69690704 0.0000903028 0.0008098500 0.0516312122 1.0000000000
 2260.2308000 123.90345764 0.0000998707 0.0007940400 0.0659512207 0.0000000000
 2260.7308000 125.74945068 0.0001055193 0.0007747800 0.0777090192 0.0000000000
 2261.2308000 127.62142181 0.0001056059 0.0007552300 0.0823383108 0.0000000000
 2261.7308000 129.52366638 0.0000992060 0.0007376900 0.0765161514 0.0000000000
 2262.2308000 131.00613403 0.0000899925 0.0007248600 0.0654415861 0.0000000000
 2262.7308000 131.99902344 0.0000774979 0.0007164900 0.0497871973 0.0000000000
 2263.2308000 132.62121582 0.0000730782 0.0007122901 0.0448467284 0.0000000000
 2263.7308000 132.81114197 0.0000780755 0.0007136300 0.0509787053 0.0000000000
 2264.2308000 132.36187744 0.0000855672 0.0007221500 0.0596532412 0.0000000000
 2264.7308000 131.16723633 0.0000959677 0.0007344700 0.0722949132 0.0000000000
 2265.2308000 129.98452759 0.0001052450 0.0007466500 0.0838581547 0.0000000000
 2265.7308000 128.81573486 0.0001132122 0.0007582600 0.0937964767 0.0000000000
 2266.2308000 127.74270630 0.0001115283 0.0007688000 0.0883040354 0.0000000000
 2266.7308000 126.78137207 0.0000985893 0.0007783500 0.0671544150 0.0000000000
 2267.2308000 125.89914703 0.0001136437 0.0007870100 0.0870831832 0.0000000000
 2267.7308000 125.10919952 0.0001613440 0.0007958700 0.1712588221 0.0000000000
 2268.2308000 124.19091797 0.0002075836 0.0008061600 0.2755874693 1.0000000000
 2268.7308000 123.12297058 0.0002521199 0.0008161500 0.3956582546 1.0000000000
 2269.2308000 122.26280212 0.0002950609 0.0008238000 0.5309034586 1.0000000000
 2269.7308000 121.64494324 0.0003361417 0.0008304400 0.6769657135 1.0000000000
 2270.2308000 120.98227692 0.0003515388 0.0008375800 0.7265889645 1.0000000000
 2270.7308000 120.26735687 0.0003369836 0.0008455699 0.6538655162 1.0000000000
 2271.2308000 119.43884277 0.0003570211 0.0008548400 0.7165412307 1.0000000000
 2271.7308000 118.47782898 0.0004174008 0.0008656899 0.9525972605 1.0000000000
 2272.2308000 117.34465790 0.0004658083 0.0008784700 1.1487228870 1.0000000000
 2272.7308000 116.01071930 0.0005002540 0.0008904500 1.2859973907 1.0000000000
 2273.2308000 115.03173828 0.0005033693 0.0008984500 1.2766940594 1.0000000000
 2273.7308000 114.46671295 0.0004699474 0.0009032000 1.0999523401 1.0000000000
 2274.2308000 114.11490631 0.0004062029 0.0009055500 0.8171066642 1.0000000000
 2274.7308000 114.01177216 0.0003070962 0.0009116100 0.4602237344 1.0000000000
 2275.2308000 112.94698334 0.0002342821 0.0009284500 0.2572820485 1.0000000000
 2275.7308000 110.76071167 0.0001921304 0.0009600900 0.1607333422 1.0000000000
 2276.2308000 106.84082794 0.0002352726 0.0010111700 0.2150450349 1.0000000000
 2276.7308000 100.89922333 0.0003778843 0.0010793400 0.4805842340 1.0000000000
 2277.2308000 93.683631897 0.0007063270 0.0011618000 1.4279817343 1.0000000000
 2277.7308000 84.982345581 0.0012514857 0.0012592800 3.7547643185 1.0000000000
 2278.2308000 77.404083252 0.0018785058 0.0014027300 6.6724004745 1.0000000000
 2278.7308000 71.135482788 0.0026009926 0.0014749700 11.453948021 1.0000000000
 2279.2308000 66.990699768 0.0030765757 0.0014394500 16.908409119 1.0000000000
 2279.7308000 65.322700500 0.0032642193 0.0014349300 19.165981293 1.0000000000
 2280.2308000 64.879051208 0.0032061082 0.0014127800 19.133409500 1.0000000000
 2280.7308000 65.863235474 0.0028613973 0.0014269500 14.909294128 1.0000000000
 2281.2308000 66.430534363 0.0024501435 0.0014539700 10.489651680 1.0000000000
 2281.7308000 66.511680603 0.0019612857 0.0014547500 6.7134747505 1.0000000000
 2282.2308000 66.130653381 0.0018417265 0.0015038000 5.5034122467 2.0000000000
 2282.7308000 65.210632324 0.0021528427 0.0015228100 7.3148264885 2.0000000000
 2283.2308000 64.347587585 0.0024410691 0.0014488199 10.493696213 1.0000000000
 2283.7308000 63.550968170 0.0027026010 0.0014028200 13.808916092 1.0000000000
 2284.2308000 62.888385773 0.0029059665 0.0014879500 14.024483681 1.0000000000
 2284.7308000 62.382114410 0.0030414988 0.0015566400 13.911093712 2.0000000000
 2285.2308000 61.792293549 0.0030447086 0.0015441499 14.189746857 2.0000000000
 2285.7308000 61.105041504 0.0028936039 0.0014945300 13.771078110 1.0000000000
 2286.2308000 60.552486420 0.0027467865 0.0015205700 11.946361542 2.0000000000
 2286.7308000 60.157001495 0.0026049688 0.0016007400 9.5961999893 2.0000000000
 2287.2308000 60.218563080 0.0024933962 0.0016004799 8.7949237823 2.0000000000
 2287.7308000 60.813133240 0.0024170950 0.0015982001 8.2908477783 2.0000000000
 2288.2308000 61.209930420 0.0022685602 0.0015654101 7.6439661980 2.0000000000
 2288.7308000 61.376075745 0.0020357864 0.0014295200 7.5170235634 1.0000000000
 2289.2308000 61.241401672 0.0022131028 0.0012868500 11.195454597 1.0000000000
 2289.7308000 60.755908966 0.0028686661 0.0012032500 21.806053162 1.0000000000
 2290.2308000 59.876869202 0.0034493296 0.0012541600 28.780143738 1.0000000000
 2290.7308000 58.538883209 0.0039426456 0.0013899500 29.990055084 1.0000000000
 2291.2308000 57.457027435 0.0042430880 0.0014331201 32.474491119 1.0000000000
 2291.7308000 56.673870087 0.0043186010 0.0014467300 32.948352814 1.0000000000
 2292.2308000 56.350986481 0.0040991888 0.0014652100 28.867961884 1.0000000000
 2292.7308000 56.564880371 0.0035358346 0.0015920401 17.893079758 2.0000000000
 2293.2308000 57.154499054 0.0029702648 0.0017191900 10.662960052 2.0000000000
 2293.7308000 58.182285309 0.0024021107 0.0015952501 8.2217206955 2.0000000000
 2294.2308000 59.378513336 0.0020298718 0.0015213300 6.5169696808 2.0000000000
 2294.7308000 60.771183014 0.0018861082 0.0015677200 5.2667479515 2.0000000000
 2295.2308000 62.596569061 0.0016920231 0.0014683200 4.8956122398 1.0000000000
 2295.7308000 64.926589966 0.0014392528 0.0013446801 4.2984552383 1.0000000000
 2296.2308000 68.037971497 0.0012101301 0.0013366900 3.0789067745 1.0000000000
 2296.7308000 72.060585022 0.0010085849 0.0013211400 2.1945095062 1.0000000000
 2297.2308000 76.551040649 0.0008243006 0.0012695000 1.6002184153 1.0000000000
 2297.7308000 81.587104797 0.0006601457 0.0012241499 1.1118427515 1.0000000000
 2298.2308000 85.045204163 0.0005639744 0.0011978500 0.8512035012 1.0000000000
 2298.7308000 86.663070679 0.0005470857 0.0011875000 0.8164258003 1.0000000000
 2299.2308000 87.043197632 0.0007633607 0.0011910400 1.5791435242 1.0000000000
 2299.7308000 85.979873657 0.0012515512 0.0012036300 4.1477503777 1.0000000000
 2300.2308000 84.613822937 0.0016684536 0.0012196100 7.1604795456 1.0000000000
 2300.7308000 82.894721985 0.0020022201 0.0012336699 10.055088043 1.0000000000
 2301.2308000 81.899314880 0.0021705790 0.0012396100 11.692948341 1.0000000000
 2301.7308000 81.747886658 0.0021460403 0.0012428900 11.363805771 1.0000000000
 2302.2308000 81.266029358 0.0020408346 0.0012498799 10.150918961 1.0000000000
 2302.7308000 80.398849487 0.0018415557 0.0012604301 8.1138772964 1.0000000000
 2303.2308000 79.228965759 0.0016997794 0.0012743799 6.7472610474 1.0000000000
 2303.7308000 77.706077576 0.0016250627 0.0012816399 6.0905284882 1.0000000000
 2304.2308000 77.826637268 0.0015772954 0.0012704700 5.8493061066 1.0000000000
 2304.7308000 79.863784790 0.0015609567 0.0012451600 5.9880628586 1.0000000000
 2305.2308000 82.711059570 0.0014029003 0.0012107700 5.1442017555 1.0000000000
 2305.7308000 86.503082275 0.0010795731 0.0011740200 3.2600028515 1.0000000000
 2306.2308000 89.804176331 0.0011342752 0.0011427901 3.8186571598 1.0000000000
 2306.7308000 92.532722473 0.0016298353 0.0011289800 8.0979995728 1.0000000000
 2307.2308000 92.470207214 0.0021578283 0.0011464900 13.722056389 1.0000000000
 2307.7308000 89.152755737 0.0027236440 0.0011878100 20.223548889 1.0000000000
 2308.2308000 84.492195129 0.0031773434 0.0012577299 24.268114090 1.0000000000
 2308.7308000 78.265296936 0.0035002909 0.0014054100 23.069681168 1.0000000000
 2309.2308000 72.468368530 0.0035359911 0.0015710200 18.425638199 2.0000000000
 2309.7308000 67.172874451 0.0032367040 0.0015753900 15.344480515 2.0000000000
 2310.2308000 63.855216980 0.0028459835 0.0014667199 13.883563042 1.0000000000
 2310.7308000 62.844123840 0.0023486339 0.0013892900 10.653351784 1.0000000000
 2311.2308000 64.102165222 0.0019574980 0.0013436701 7.9645061493 1.0000000000
 2311.7308000 68.006484985 0.0016902285 0.0013272599 6.1008124352 1.0000000000
 2312.2308000 72.885368347 0.0013982854 0.0012991200 4.3768658638 1.0000000000
 2312.7308000 78.900787354 0.0010775684 0.0012390000 2.8849136829 1.0000000000
 2313.2308000 84.864456177 0.0008698126 0.0011775200 2.1024279594 1.0000000000
 2313.7308000 90.767776489 0.0007937923 0.0011190000 1.9587886333 1.0000000000
 2314.2308000 96.159805298 0.0007265733 0.0010662100 1.8251762390 1.0000000000
 2314.7308000 100.95555878 0.0006696181 0.0010213699 1.7039296627 1.0000000000
 2315.2308000 104.81735992 0.0005644945 0.0009870001 1.3056346178 1.0000000000
 2315.7308000 107.59001160 0.0004031965 0.0009650500 0.6998804808 1.0000000000
 2316.2308000 109.05384064 0.0002744570 0.0009578000 0.3297188878 1.0000000000
 2316.7308000 108.99131775 0.0001836870 0.0009667600 0.1446958035 1.0000000000
 2317.2308000 107.32386017 0.0001625397 0.0009937200 0.1066444069 1.0000000000
 2317.7308000 103.78473663 0.0002225863 0.0010319300 0.1840629131 1.0000000000
 2318.2308000 99.950401306 0.0002864411 0.0010734401 0.2794856727 1.0000000000
 2318.7308000 95.771804810 0.0003547372 0.0011127400 0.3960474432 1.0000000000
 2319.2308000 92.365417480 0.0003927374 0.0011433600 0.4573007822 1.0000000000
 2319.7308000 89.859580994 0.0003954070 0.0011628700 0.4466015399 1.0000000000
 2320.2308000 88.599472046 0.0003771517 0.0011683999 0.4020969272 1.0000000000
 2320.7308000 88.792129517 0.0003344938 0.0011648301 0.3184185624 1.0000000000
 2321.2308000 89.288734436 0.0002989488 0.0011578500 0.2577262223 1.0000000000
 2321.7308000 90.139816284 0.0002716991 0.0011498100 0.2161717713 1.0000000000
 2322.2308000 90.840011597 0.0002604952 0.0011434701 0.2011429518 1.0000000000
 2322.7308000 91.364234924 0.0002680038 0.0011390201 0.2147400379 1.0000000000
 2323.2308000 91.699035645 0.0002902749 0.0011367000 0.2530450821 1.0000000000
 2323.7308000 91.812919617 0.0003297616 0.0011380500 0.3257206380 1.0000000000
 2324.2308000 91.437583923 0.0003556290 0.0011448900 0.3738642931 1.0000000000
 2324.7308000 90.491737366 0.0003656133 0.0011544001 0.3880253136 1.0000000000
 2325.2308000 89.602264404 0.0006446032 0.0011632800 1.1859858036 1.0000000000
 2325.7308000 88.778533936 0.0012373070 0.0011716700 4.3011364937 1.0000000000
 2326.2308000 87.983978271 0.0017738281 0.0011797200 8.7078180313 1.0000000000
 2326.7308000 87.223442078 0.0022448287 0.0011820600 13.885435104 1.0000000000
 2327.2308000 87.532943726 0.0024728596 0.0011723900 17.156959534 1.0000000000
 2327.7308000 89.090324402 0.0024175390 0.0011537999 16.984777451 1.0000000000
 2328.2308000 91.120750427 0.0021157176 0.0011299000 13.621577263 1.0000000000
 2328.7308000 93.702842712 0.0015264265 0.0011042000 7.4584183693 1.0000000000
 2329.2308000 96.082778931 0.0009871231 0.0010807600 3.2699284554 1.0000000000
 2329.7308000 98.226974487 0.0005061153 0.0010634300 0.8907160759 1.0000000000
 2330.2308000 99.426757813 0.0002635975 0.0010567100 0.2450077534 1.0000000000
 2330.7308000 99.525161743 0.0002992067 0.0010620500 0.3121933341 1.0000000000
 2331.2308000 98.395912170 0.0003644271 0.0010811700 0.4453018010 1.0000000000
 2331.7308000 95.834983826 0.0004641801 0.0011091999 0.6828909516 1.0000000000
 2332.2308000 92.984840393 0.0005466762 0.0011404799 0.8909791708 1.0000000000
 2332.7308000 89.797401428 0.0006090474 0.0011708400 1.0437765121 1.0000000000
 2333.2308000 87.122604370 0.0006561318 0.0011954601 1.1571907997 1.0000000000
 2333.7308000 85.045646667 0.0006853886 0.0012115000 1.2262026072 1.0000000000
 2334.2308000 84.028198242 0.0007137873 0.0012156400 1.3199781179 1.0000000000
 2334.7308000 84.246345520 0.0007411853 0.0012101099 1.4376029968 1.0000000000
 2335.2308000 85.096138000 0.0007613360 0.0011974800 1.5522531271 1.0000000000
 2335.7308000 86.682556152 0.0007730351 0.0011796301 1.6540842056 1.0000000000
 2336.2308000 88.542434692 0.0007706878 0.0011587100 1.7100644112 1.0000000000
 2336.7308000 90.721221924 0.0007519595 0.0011367800 1.6978553534 1.0000000000
 2337.2308000 92.774909973 0.0006770449 0.0011162501 1.4327145815 1.0000000000
 2337.7308000 94.682701111 0.0005366059 0.0011015600 0.9266014099 1.0000000000
 2338.2308000 95.611396790 0.0004081760 0.0010978599 0.5401218534 1.0000000000
 2338.7308000 95.398269653 0.0002937512 0.0011076500 0.2743301690 1.0000000000
 2339.2308000 93.722244263 0.0002855227 0.0011338500 0.2461835593 1.0000000000
 2339.7308000 90.340171814 0.0004011404 0.0011713000 0.4524003863 1.0000000000
 2340.2308000 86.493972778 0.0005759179 0.0012139500 0.8619446754 1.0000000000
 2340.7308000 82.106498718 0.0008196871 0.0012514100 1.6331162453 1.0000000000
 2341.2308000 79.263359070 0.0010217133 0.0012715399 2.4498078823 1.0000000000
 2341.7308000 78.221221924 0.0011750587 0.0012732000 3.2310707569 1.0000000000
 2342.2308000 78.944015503 0.0012097321 0.0012550401 3.5345306396 1.0000000000
 2342.7308000 81.725074768 0.0011060105 0.0012238100 3.1228253841 1.0000000000
 2343.2308000 84.973869324 0.0009605150 0.0011873100 2.5174870491 1.0000000000
 2343.7308000 88.768150330 0.0007663031 0.0011547100 1.7035731077 1.0000000000
 2344.2308000 91.267799377 0.0006100815 0.0011366301 1.1179275513 1.0000000000
 2344.7308000 92.257644653 0.0004981641 0.0011292400 0.7561623454 1.0000000000
 2345.2308000 92.694458008 0.0004733834 0.0011280500 0.6843900084 1.0000000000
 2345.7308000 92.486312866 0.0005502213 0.0011282801 0.9241821766 1.0000000000
 2346.2308000 92.650344849 0.0006192012 0.0011243400 1.1794748306 1.0000000000
 2346.7308000 93.248413086 0.0006790167 0.0011140500 1.4473400116 1.0000000000
 2347.2308000 94.635864258 0.0007213793 0.0010949100 1.6970508099 1.0000000000
 2347.7308000 96.943908691 0.0007433882 0.0010726700 1.8854101896 1.0000000000
 2348.2308000 98.928802490 0.0007359294 0.0010540501 1.9203376770 1.0000000000
 2348.7308000 100.53685760 0.0006941053 0.0010438700 1.7451335192 1.0000000000
 2349.2308000 100.89099884 0.0006492544 0.0010477899 1.5143510103 1.0000000000
 2349.7308000 99.782829285 0.0006008733 0.0010634800 1.2553395033 1.0000000000
 2350.2308000 97.862632751 0.0005638708 0.0010882800 1.0508235693 1.0000000000
 2350.7308000 94.995445251 0.0005401381 0.0011182399 0.9083069563 1.0000000000
 2351.2308000 92.077903748 0.0005383136 0.0011487800 0.8502559662 1.0000000000
 2351.7308000 89.101646423 0.0005620387 0.0011804299 0.8730596900 1.0000000000
 2352.2308000 85.969657898 0.0005939860 0.0012138200 0.9170920849 1.0000000000
 2352.7308000 82.656051636 0.0006355218 0.0012486799 0.9864349365 1.0000000000
 2353.2308000 79.241378784 0.0041263006 0.0013980600 32.431343079 1.0000000000
 2353.7308000 75.708869934 0.0116395848 0.0015298399 211.66731262 3.0000000000
 2354.2308000 72.669921875 0.0188912097 0.0014334300 643.41510010 3.0000000000
 2354.7308000 70.206565857 0.0258376859 0.0013984300 1270.8597412 3.0000000000
 2355.2308000 69.328971863 0.0295556877 0.0014699800 1490.0368652 3.0000000000
 2355.7308000 70.300697327 0.0295086410 0.0014475500 1536.4008789 3.0000000000
 2356.2308000 72.809562683 0.0261273179 0.0013362999 1436.1539307 3.0000000000
 2356.7308000 77.111045837 0.0188575573 0.0012529200 862.06402588 3.0000000000
 2357.2308000 80.982254028 0.0117875915 0.0012308699 350.25424194 3.0000000000
 2357.7308000 84.351669312 0.0049506221 0.0012018901 65.105415344 1.0000000000
 2358.2308000 86.575439453 0.0012671452 0.0011857700 4.3939156532 1.0000000000
 2358.7308000 87.463157654 0.0012612676 0.0011824400 4.3802657127 1.0000000000
 2359.2308000 87.218704224 0.0011604142 0.0011918200 3.6438674927 1.0000000000
 2359.7308000 85.653892517 0.0009488001 0.0012067400 2.3702778816 1.0000000000
 2360.2308000 84.338920593 0.0007320261 0.0012188500 1.3802649975 1.0000000000
 2360.7308000 83.315315247 0.0005092343 0.0012266600 0.6586309075 1.0000000000
 2361.2308000 82.831329346 0.0003908564 0.0012284199 0.3867866397 1.0000000000
 2361.7308000 82.976654053 0.0003942458 0.0012325400 0.3906357586 1.0000000000
 2362.2308000 82.034408569 0.0005052475 0.0012488801 0.6232506633 1.0000000000
 2362.7308000 79.823829651 0.0007417463 0.0012103900 1.4390470982 1.0000000000
 2363.2308000 76.860992432 0.0010227661 0.0012201200 2.6882338524 1.0000000000
 2363.7308000 73.020851135 0.0013557057 0.0013864901 3.5654466152 1.0000000000
 2364.2308000 69.956756592 0.0015609136 0.0014401600 4.3476452827 1.0000000000
 2364.7308000 67.797676086 0.0016171610 0.0014275999 4.7574272156 1.0000000000
 2365.2308000 67.756637573 0.0015091418 0.0014122400 4.2428860664 1.0000000000
 2365.7308000 70.185676575 0.0012095551 0.0012814000 3.3755528927 1.0000000000
 2366.2308000 73.153297424 0.0010964640 0.0012571999 2.8926720619 1.0000000000
 2366.7308000 76.749008179 0.0012008635 0.0012925101 3.2646200657 1.0000000000
 2367.2308000 78.215652466 0.0014836368 0.0012822500 5.0712518692 1.0000000000
 2367.7308000 77.199386597 0.0019744297 0.0012276600 9.8835172653 1.0000000000
 2368.2308000 75.184143066 0.0024344502 0.0012784400 13.743742943 1.0000000000
 2368.7308000 72.003913879 0.0028585836 0.0015062100 13.211546898 2.0000000000
 2369.2308000 69.134750366 0.0030426746 0.0015525800 14.002069473 2.0000000000
 2369.7308000 66.628349304 0.0029468280 0.0015277700 13.607616425 2.0000000000
 2370.2308000 66.035537720 0.0029792504 0.0015275800 13.912504196 2.0000000000
 2370.7308000 67.674339294 0.0031612597 0.0014876300 16.604719162 1.0000000000
 2371.2308000 70.285369873 0.0033660103 0.0014835501 18.939392090 1.0000000000
 2371.7308000 74.030212402 0.0035972814 0.0013763499 25.512046814 1.0000000000
 2372.2308000 77.978775024 0.0035670220 0.0012577600 30.584154129 1.0000000000
 2372.7308000 82.164901733 0.0032317657 0.0012168899 26.997707367 1.0000000000
 2373.2308000 85.867149353 0.0027104721 0.0011814600 20.266000748 1.0000000000
 2373.7308000 89.005081177 0.0019722218 0.0011556901 11.263165474 1.0000000000
 2374.2308000 90.840126038 0.0013665137 0.0011445500 5.5237169266 1.0000000000
 2374.7308000 91.155731201 0.0009153766 0.0011433600 2.4842598438 1.0000000000
 2375.2308000 91.070564270 0.0008815209 0.0011466700 2.2892892361 1.0000000000
 2375.7308000 90.518005371 0.0013342982 0.0011551800 5.1603183746 1.0000000000
 2376.2308000 89.428604126 0.0016914038 0.0011697100 8.0671958923 1.0000000000
 2376.7308000 87.713119507 0.0019369365 0.0011876700 10.230574608 1.0000000000
 2377.2308000 85.960388184 0.0020097042 0.0012060599 10.647624969 1.0000000000
 2377.7308000 84.164222717 0.0018809929 0.0012259099 8.9984035492 1.0000000000
 2378.2308000 82.128166199 0.0016234934 0.0012484599 6.4398674965 1.0000000000
 2378.7308000 79.812339783 0.0012158006 0.0012697600 3.4796626568 1.0000000000
 2379.2308000 78.015777588 0.0008738259 0.0012852401 1.7501869202 1.0000000000
 2379.7308000 76.824790955 0.0006084916 0.0012920999 0.8387986422 1.0000000000
 2380.2308000 76.692123413 0.0004610580 0.0012870800 0.4857121110 1.0000000000
 2380.7308000 77.793647766 0.0004511205 0.0012740301 0.4755429626 1.0000000000
 2381.2308000 79.210235596 0.0004343664 0.0012574500 0.4537669122 1.0000000000
 2381.7308000 80.994247437 0.0004096630 0.0012405100 0.4158462286 1.0000000000
 2382.2308000 82.478713989 0.0004182660 0.0012269400 0.4441134632 1.0000000000
 2382.7308000 83.613853455 0.0004657113 0.0012179599 0.5595527887 1.0000000000
 2383.2308000 84.212318420 0.0004976562 0.0012150100 0.6423668861 1.0000000000
 2383.7308000 84.184898376 0.0005115244 0.0012148900 0.6788150072 1.0000000000
 2384.2308000 84.235603333 0.0005043451 0.0012138900 0.6610905528 1.0000000000
 2384.7308000 84.377426147 0.0004726198 0.0012120000 0.5825296640 1.0000000000
 2385.2308000 84.601066589 0.0005087259 0.0012091900 0.6783903241 1.0000000000
 2385.7308000 84.920120239 0.0006239366 0.0012068601 1.0247920752 1.0000000000
 2386.2308000 85.050056458 0.0007403956 0.0012066499 1.4436063766 1.0000000000
 2386.7308000 84.959457397 0.0008583103 0.0012062499 1.9414515495 1.0000000000
 2387.2308000 85.125846863 0.0009305335 0.0012029799 2.2955963612 1.0000000000
 2387.7308000 85.591934204 0.0009494711 0.0011957100 2.4220695496 1.0000000000
 2388.2308000 86.529464722 0.0008818633 0.0011831500 2.1385281086 1.0000000000
 2388.7308000 88.016784668 0.0007133257 0.0011652299 1.4470052719 1.0000000000
 2389.2308000 89.987609863 0.0005993507 0.0011418900 1.0680427551 1.0000000000
 2389.7308000 92.522285461 0.0005490063 0.0011173800 0.9399670959 1.0000000000
 2390.2308000 94.719665527 0.0005815745 0.0010966500 1.0991600752 1.0000000000
 2390.7308000 96.523689270 0.0007108351 0.0010772001 1.7079916000 1.0000000000
 2391.2308000 98.472709656 0.0007921847 0.0010561300 2.2155148983 1.0000000000
 2391.7308000 100.59081268 0.0008176606 0.0010333699 2.4761865139 1.0000000000
 2392.2308000 102.86589813 0.0007752021 0.0010088499 2.3464503288 1.0000000000
 2392.7308000 105.32408142 0.0006535183 0.0009875300 1.7478529215 1.0000000000
 2393.2308000 106.98055267 0.0005106148 0.0009752100 1.0969098806 1.0000000000
 2393.7308000 107.70207214 0.0003429649 0.0009776900 0.4921037853 1.0000000000
 2394.2308000 106.50244904 0.0002447185 0.0010017200 0.2375154197 1.0000000000
 2394.7308000 103.06242371 0.0002274107 0.0010454400 0.1867083013 1.0000000000
 2395.2308000 98.064163208 0.0003017553 0.0011066400 0.2900653183 1.0000000000
 2395.7308000 91.248703003 0.0004829851 0.0011725500 0.6543022990 1.0000000000
 2396.2308000 85.342437744 0.0006820119 0.0012282600 1.1779999733 1.0000000000
 2396.7308000 80.496498108 0.0009017938 0.0012678300 1.9207913876 1.0000000000
 2397.2308000 77.703239441 0.0010297501 0.0012843700 2.4341390133 1.0000000000
 2397.7308000 77.303817749 0.0010506192 0.0012774899 2.5639183521 1.0000000000
 2398.2308000 79.032722473 0.0010177806 0.0012467201 2.5387308598 1.0000000000
 2398.7308000 83.243675232 0.0009223078 0.0012003400 2.2661173344 1.0000000000
 2399.2308000 87.985389709 0.0008138850 0.0011480000 1.9464979172 1.0000000000
 2399.7308000 93.346076965 0.0006903599 0.0010940600 1.5568995476 1.0000000000
 2400.2308000 98.396965027 0.0006013527 0.0010435900 1.3106678724 1.0000000000
 2400.7308000 103.08657074 0.0005526001 0.0009990000 1.2183662653 1.0000000000
 2401.2308000 107.00434875 0.0004744591 0.0009630600 0.9735543728 1.0000000000
 2401.7308000 110.02205658 0.0003620451 0.0009355100 0.6042530537 1.0000000000
 2402.2308000 112.32409668 0.0002581130 0.0009159800 0.3217144012 1.0000000000
 2402.7308000 113.79152679 0.0001640723 0.0009044100 0.1336801648 1.0000000000
 2403.2308000 114.55795288 0.0001171181 0.0009006900 0.0687356815 1.0000000000
 2403.7308000 114.50686646 0.0001250759 0.0009074800 0.0771091506 1.0000000000
 2404.2308000 113.24922180 0.0001495978 0.0009278000 0.1050632671 1.0000000000
 2404.7308000 110.58448029 0.0001934368 0.0009590000 0.1633341908 1.0000000000
 2405.2308000 107.22650909 0.0002642404 0.0009979900 0.2792034149 1.0000000000
 2405.7308000 103.06009674 0.0003664902 0.0010390000 0.4915532470 1.0000000000
 2406.2308000 99.310112000 0.0004670873 0.0010753400 0.7402788997 1.0000000000
 2406.7308000 96.045738220 0.0005657569 0.0011058100 1.0213215351 1.0000000000
 2407.2308000 93.428787231 0.0006313088 0.0011290100 1.2149225473 1.0000000000
 2407.7308000 91.566848755 0.0006582390 0.0011480800 1.2730002403 1.0000000000
 2408.2308000 89.747001648 0.0012293060 0.0011666900 4.2856621742 1.0000000000
 2408.7308000 87.976234436 0.0024349452 0.0011870899 16.185062408 1.0000000000
 2409.2308000 85.809425354 0.0036721590 0.0012119400 35.170986176 1.0000000000
 2409.7308000 83.180763245 0.0049461965 0.0012358300 61.127059937 1.0000000000
 2410.2308000 81.196708679 0.0056450800 0.0012525000 77.308845520 2.0000000000
 2410.7308000 79.964408875 0.0056732194 0.0012602900 77.023643494 2.0000000000
 2411.2308000 79.691665649 0.0051261298 0.0012573201 63.211830139 1.0000000000
 2411.7308000 80.537956238 0.0039082067 0.0012481799 37.337497711 1.0000000000
 2412.2308000 81.454719543 0.0027217870 0.0012382600 18.429868698 1.0000000000
 2412.7308000 82.453659058 0.0015721055 0.0012288201 6.2530097961 1.0000000000
 2413.2308000 83.276695251 0.0010268779 0.0012213599 2.7038433552 1.0000000000
 2413.7308000 83.894592285 0.0011865648 0.0012132900 3.6632008553 1.0000000000
 2414.2308000 84.834037781 0.0012614697 0.0012016100 4.2293524742 1.0000000000
 2414.7308000 86.148468018 0.0012375014 0.0011833500 4.2096142769 1.0000000000
 2415.2308000 88.359008789 0.0011255773 0.0011550300 3.6732072830 1.0000000000
 2415.7308000 91.614601135 0.0009110792 0.0011216101 2.5672025681 1.0000000000
 2416.2308000 94.809570313 0.0006833492 0.0010888800 1.5414496660 1.0000000000
 2416.7308000 97.933837891 0.0004401879 0.0010638600 0.6731787324 1.0000000000
 2417.2308000 99.637611389 0.0002875364 0.0010547900 0.2926983833 1.0000000000
 2417.7308000 99.684806824 0.0002404371 0.0010629899 0.2012050897 1.0000000000
 2418.2308000 98.053802490 0.0006291377 0.0010900300 1.3035473824 1.0000000000
 2418.7308000 94.465682983 0.0015260682 0.0011292100 7.0964884758 1.0000000000
 2419.2308000 90.490173340 0.0024391552 0.0011727500 16.681184769 1.0000000000
 2419.7308000 86.062896729 0.0033710860 0.0012125800 29.605796814 1.0000000000
 2420.2308000 82.800880432 0.0038980965 0.0012393401 37.729938507 1.0000000000
 2420.7308000 80.897781372 0.0039528902 0.0012516000 37.966911316 1.0000000000
 2421.2308000 80.435951233 0.0036171987 0.0012476799 32.012359619 1.0000000000
 2421.7308000 81.654907227 0.0028261240 0.0012337400 20.030435562 1.0000000000
 2422.2308000 83.125358582 0.0019951961 0.0012169899 10.288209915 1.0000000000
 2422.7308000 84.889083862 0.0011177905 0.0011984500 3.3400809765 1.0000000000
 2423.2308000 86.704002380 0.0006391398 0.0011793299 1.1313422918 1.0000000000
 2423.7308000 88.578628540 0.0006255165 0.0011614200 1.1207300425 1.0000000000
 2424.2308000 90.162132263 0.0005730024 0.0011467700 0.9670858979 1.0000000000
 2424.7308000 91.406143188 0.0004751340 0.0011362999 0.6784965992 1.0000000000
 2425.2308000 92.182258606 0.0004139388 0.0011310900 0.5202099085 1.0000000000
 2425.7308000 92.412704468 0.0003955121 0.0011320700 0.4740217626 1.0000000000
 2426.2308000 91.993026733 0.0004565713 0.0011403400 0.6216437221 1.0000000000
 2426.7308000 90.815177917 0.0006103271 0.0011518000 1.0866649151 1.0000000000
 2427.2308000 89.780738831 0.0007569637 0.0011616601 1.6404997110 1.0000000000
 2427.7308000 88.913528442 0.0008952979 0.0011681600 2.2668876648 1.0000000000
 2428.2308000 88.525711060 0.0009501860 0.0011692799 2.5479836464 1.0000000000
 2428.7308000 88.696975708 0.0009077592 0.0011710500 2.3177967072 1.0000000000
 2429.2308000 88.184715271 0.0012594501 0.0011804900 4.3835387230 1.0000000000
 2429.7308000 86.875328064 0.0020707611 0.0011986200 11.459367752 1.0000000000
 2430.2308000 84.685150146 0.0030226931 0.0012266299 23.206960678 1.0000000000
 2430.7308000 81.467796326 0.0041386178 0.0012559199 41.304214478 1.0000000000
 2431.2308000 79.031669617 0.0048228772 0.0012764400 54.126697540 1.0000000000
 2431.7308000 77.506614685 0.0050037308 0.0012833200 57.577251434 1.0000000000
 2432.2308000 77.704376221 0.0046346164 0.0012708600 50.467601776 1.0000000000
 2432.7308000 79.911293030 0.0036241312  -999.250000  -999.250000  -999.250000
 2433.2308000  -999.250000  -999.250000  -999.250000  -999.250000  -999.250000
 2433.7308000  -999.250000  -999.250000  -999.250000  -999.250000  -999.250000
