# LAS format log file from PETREL
# Project units are specified as depth units
#==================================================================
~Version information
VERS.   2.0:
WRAP.   NO:
#==================================================================
~Well
STRT .m      1803.6009000 :
STOP .m      2337.6009000 :
STEP .m     0.50000000 :
NULL .        -999.250000 :
COMP.           : COMPANY
WELL.  C5   : WELL
FLD.            : FIELD
LOC.            : LOCATION
SRVC.           : SERVICE COMPANY
DATE.  2024-10-09 18:17:03   : Log Export Date {yyyy-MM-dd HH:mm:ss}
PROV.           : PROVINCE
UWI.      : UNIQUE WELL ID
API.            : API NUMBER
#==================================================================
~Curve
DEPT .m                   : DEPTH
Gamma .gAPI               : Gamma
Perm .mD                  : Perm
Porosity .m3/m3           : Porosity
Resistivity .ohm.m        : Resistivity
LITH ._                   : LITH
~Parameter
#==================================================================
~Ascii
 1803.6009000  -999.250000  -999.250000  -999.250000  -999.250000  -999.250000
 1804.1009000 68.755798340 0.0017048152 0.0022495301 1.9442524910 3.0000000000
 1804.6009000 66.499458313 0.0013801499 0.0021253701 1.4437648058 2.0000000000
 1805.1009000 64.866668701 0.0010816932 0.0021384601 0.8749549389 2.0000000000
 1805.6009000 65.701606750 0.0008869590 0.0022692301 0.5162669420 3.0000000000
 1806.1009000 67.385284424 0.0007206445 0.0022620701 0.3431853950 3.0000000000
 1806.6009000 72.427848816 0.0006668009 0.0022127898 0.3084068596 3.0000000000
 1807.1009000 77.614570618 0.0006005891 0.0021600800 0.2638282180 2.0000000000
 1807.6009000 83.371818542 0.0004854294 0.0021095499 0.1815660149 2.0000000000
 1808.1009000 88.102905273 0.0003730361 0.0020835300 0.1101900265 2.0000000000
 1808.6009000 88.772903442 0.0002715914 0.0020813500 0.0585426986 2.0000000000
 1809.1009000 88.555358887 0.0001922484 0.0021003699 0.0287524313 2.0000000000
 1809.6009000 84.825302124 0.0002003735 0.0021368500 0.0300730541 2.0000000000
 1810.1009000 80.981849670 0.0002102702 0.0021760399 0.0318191350 2.0000000000
 1810.6009000 76.689659119 0.0002271780 0.0022132201 0.0357831381 3.0000000000
 1811.1009000 73.264656067 0.0002429912 0.0022296899 0.0402757078 3.0000000000
 1811.6009000 73.271568298 0.0002544721 0.0022254800 0.0443555638 3.0000000000
 1812.1009000 74.138580322 0.0002632937 0.0022007299 0.0486669503 3.0000000000
 1812.6009000 78.409454346 0.0002615912 0.0021607799 0.0500153340 2.0000000000
 1813.1009000 82.429748535 0.0002553986 0.0021268199 0.0493661575 2.0000000000
 1813.6009000 85.458366394 0.0002314360 0.0021020700 0.0415946878 2.0000000000
 1814.1009000 87.567657471 0.0002529688 0.0020992800 0.0498401262 2.0000000000
 1814.6009000 86.038696289 0.0004545505 0.0021176501 0.1578647196 2.0000000000
 1815.1009000 83.754119873 0.0007311156 0.0021540599 0.3933733702 2.0000000000
 1815.6009000 78.479248047 0.0013044279 0.0022026701 1.1922060251 3.0000000000
 1816.1009000 73.664611816 0.0018400919 0.0022402899 2.2856500149 3.0000000000
 1816.6009000 70.671333313 0.0022267625 0.0022631199 3.2733402252 3.0000000000
 1817.1009000 68.925239563 0.0024918199 0.0022561599 4.1268582344 3.0000000000
 1817.6009000 72.114875793 0.0022755906 0.0022245101 3.5503618717 3.0000000000
 1818.1009000 75.494102478 0.0020025114 0.0021883401 2.8503448963 2.0000000000
 1818.6009000 79.623680115 0.0015044466 0.0021508900 1.6710658073 2.0000000000
 1819.1009000 83.268508911 0.0010789396 0.0021250201 0.8826643825 2.0000000000
 1819.6009000 84.994895935 0.0009405818 0.0021120899 0.6798699498 2.0000000000
 1820.1009000 85.951873779 0.0008640988 0.0021175400 0.5705546141 2.0000000000
 1820.6009000 83.863899231 0.0010324854 0.0021390000 0.7967170477 2.0000000000
 1821.1009000 81.498107910 0.0011480295 0.0021670901 0.9571428299 2.0000000000
 1821.6009000 78.032844543 0.0010544477 0.0022000601 0.7810775042 3.0000000000
 1822.1009000 74.652137756 0.0009425717 0.0022310200 0.6052310467 3.0000000000
 1822.6009000 71.606086731 0.0007582955 0.0022591699 0.3810565174 3.0000000000
 1823.1009000 68.808105469 0.0006001924 0.0022966499 0.2302355915 3.0000000000
 1823.6009000 66.991851807 0.0005456696 0.0023702299 0.1775498986 3.0000000000
 1824.1009000 66.060119629 0.0005019332 0.0023470998 0.1535049677 3.0000000000
 1824.6009000 68.628906250 0.0005008844 0.0022615399 0.1658767760 3.0000000000
 1825.1009000 71.294113159 0.0005075643 0.0022340300 0.1749791801 3.0000000000
 1825.6009000 74.340888977 0.0005448312 0.0022078101 0.2069227397 3.0000000000
 1826.1009000 76.737014771 0.0006552440 0.0021971201 0.3025017083 2.0000000000
 1826.6009000 76.558181763 0.0010551328 0.0022023600 0.7802971005 3.0000000000
 1827.1009000 75.650161743 0.0014782210 0.0022249999 1.4974514246 3.0000000000
 1827.6009000 71.856361389 0.0019931206 0.0022717700 2.6005520821 3.0000000000
 1828.1009000 67.913528442 0.0025183181 0.0023862000 3.7261996269 3.0000000000
 1828.6009000 63.380874634 0.0030842694 0.0025593599 4.7908835411 3.0000000000
 1829.1009000 59.413585663 0.0038265479 0.0024979198 7.7793197632 3.0000000000
 1829.6009000 57.683719635 0.0052666436 0.0023411801 16.994611740 3.0000000000
 1830.1009000 56.092567444 0.0065990328 0.0024392600 24.377700806 3.0000000000
 1830.6009000 55.050365448 0.0075051733 0.0025139002 29.509088516 3.0000000000
 1831.1009000 54.295715332 0.0081631737 0.0025040798 35.212112427 3.0000000000
 1831.6009000 54.679031372 0.0078391526 0.0023344401 37.891014099 3.0000000000
 1832.1009000 55.264953613 0.0072264364 0.0022561599 34.708404541 3.0000000000
 1832.6009000 56.652671814 0.0054712063 0.0023794300 17.698062897 3.0000000000
 1833.1009000 58.095783234 0.0037843410 0.0023142800 9.0004777908 3.0000000000
 1833.6009000 59.758121490 0.0023680353 0.0024211800 3.1909260750 3.0000000000
 1834.1009000 61.777462006 0.0011799681 0.0025558099 0.7033601403 3.0000000000
 1834.6009000 65.209663391 0.0008951587 0.0023923900 0.4681335092 3.0000000000
 1835.1009000 68.399330139 0.0006395097 0.0022658501 0.2692686021 3.0000000000
 1835.6009000 70.629173279 0.0004992624 0.0022448900 0.1675053239 3.0000000000
 1836.1009000 72.750404358 0.0004105812 0.0022265301 0.1153493673 3.0000000000
 1836.6009000 74.441795349 0.0005259732 0.0022138401 0.1916926652 3.0000000000
 1837.1009000 75.383956909 0.0007033111 0.0022190399 0.3409821391 3.0000000000
 1837.6009000 73.361000061 0.0011257998 0.0022383700 0.8571804166 3.0000000000
 1838.1009000 71.370841980 0.0015578690 0.0022569201 1.6118561029 3.0000000000
 1838.6009000 69.510467529 0.0020278520 0.0022720201 2.6913225651 3.0000000000
 1839.1009000 68.235641479 0.0024014998 0.0022731400 3.7704005241 3.0000000000
 1839.6009000 69.278152466 0.0023938976 0.0022600100 3.7946205139 3.0000000000
 1840.1009000 70.962524414 0.0022954978 0.0022315502 3.5877246857 3.0000000000
 1840.6009000 75.187034607 0.0018377651 0.0021911401 2.3938982487 2.0000000000
 1841.1009000 79.349815369 0.0013856587 0.0021522101 1.4156839848 2.0000000000
 1841.6009000 83.268310547 0.0009558195 0.0021178899 0.6978536248 2.0000000000
 1842.1009000 86.474731445 0.0006222644 0.0021005801 0.3011643291 2.0000000000
 1842.6009000 86.863128662 0.0006697542 0.0020983801 0.3496920466 2.0000000000
 1843.1009000 86.928215027 0.0007110402 0.0021039201 0.3918537498 2.0000000000
 1843.6009000 85.713813782 0.0007277746 0.0021150499 0.4057779312 2.0000000000
 1844.1009000 84.617927551 0.0007325825 0.0021233500 0.4076294899 2.0000000000
 1844.6009000 83.991035461 0.0006901914 0.0021286800 0.3598290682 2.0000000000
 1845.1009000 83.511192322 0.0006384089 0.0021305000 0.3072829247 2.0000000000
 1845.6009000 83.613327026 0.0005494599 0.0021296002 0.2278327942 2.0000000000
 1846.1009000 83.699295044 0.0004927469 0.0021290800 0.1833266169 2.0000000000
 1846.6009000 83.721321106 0.0005636086 0.0021294700 0.2397495806 2.0000000000
 1847.1009000 83.618919373 0.0006159553 0.0021328300 0.2853610516 2.0000000000
 1847.6009000 83.024131775 0.0005950289 0.0021384601 0.2647607028 2.0000000000
 1848.1009000 82.449653625 0.0005779146 0.0021436000 0.2484340668 2.0000000000
 1848.6009000 81.955520630 0.0005758873 0.0021490101 0.2453298867 2.0000000000
 1849.1009000 81.326438904 0.0005886793 0.0021576500 0.2540969253 2.0000000000
 1849.6009000 80.163307190 0.0006601190 0.0021687900 0.3159118891 2.0000000000
 1850.1009000 79.014389038 0.0007129417 0.0021795901 0.3644881546 2.0000000000
 1850.6009000 77.921730042 0.0006920867 0.0021892400 0.3401540220 2.0000000000
 1851.1009000 77.010269165 0.0006996189 0.0021945699 0.3457438052 2.0000000000
 1851.6009000 76.815910339 0.0008194942 0.0021956901 0.4738441110 2.0000000000
 1852.1009000 76.777961731 0.0009924157 0.0021930700 0.6967416406 2.0000000000
 1852.6009000 77.358985901 0.0013752686 0.0021894299 1.3429094553 2.0000000000
 1853.1009000 77.533302307 0.0017717736 0.0021955001 2.2153525352 2.0000000000
 1853.6009000 76.098060608 0.0022223066 0.0022108001 3.4324095249 3.0000000000
 1854.1009000 74.359596252 0.0026213285 0.0022333199 4.6703648567 3.0000000000
 1854.6009000 71.421112061 0.0028164929 0.0022597900 5.2537279129 3.0000000000
 1855.1009000 68.865348816 0.0029122704 0.0022771200 5.5234999657 3.0000000000
 1855.6009000 67.824241638 0.0026147212 0.0022825899 4.4290380478 3.0000000000
 1856.1009000 67.730453491 0.0023171378 0.0022654398 3.5364551544 3.0000000000
 1856.6009000 71.385650635 0.0020194168 0.0022283699 2.7853505611 3.0000000000
 1857.1009000 75.424507141 0.0017235925 0.0021821400 2.1248459816 2.0000000000
 1857.6009000 80.981712341 0.0014352774 0.0021320300 1.5506951809 2.0000000000
 1858.1009000 85.826011658 0.0011610982 0.0020989501 1.0503481627 2.0000000000
 1858.6009000 87.848968506 0.0009428646 0.0020832901 0.7041240931 2.0000000000
 1859.1009000 89.076019287 0.0007580378 0.0020866499 0.4535160661 2.0000000000
 1859.6009000 87.153274536 0.0007054199 0.0021073900 0.3842878342 2.0000000000
 1860.1009000 84.769813538 0.0006589238 0.0021391402 0.3244472444 2.0000000000
 1860.6009000 80.563079834 0.0006366546 0.0021794001 0.2907142937 2.0000000000
 1861.1009000 76.411010742 0.0006438509 0.0022183601 0.2859566510 3.0000000000
 1861.6009000 72.475257874 0.0007676588 0.0022551001 0.3920772970 3.0000000000
 1862.1009000 68.784149170 0.0008945919 0.0022792700 0.5201147795 3.0000000000
 1862.6009000 66.061195374 0.0010338931 0.0022609700 0.7071356177 3.0000000000
 1863.1009000 64.176368713 0.0011996401 0.0022149999 0.9960469007 3.0000000000
 1863.6009000 65.608444214 0.0014700459 0.0022385500 1.4612846375 3.0000000000
 1864.1009000 67.693450928 0.0016500503 0.0022609001 1.8012555838 3.0000000000
 1864.6009000 72.362403870 0.0014722893 0.0022150700 1.5001474619 3.0000000000
 1865.1009000 77.207435608 0.0012830581 0.0021650400 1.1980297565 2.0000000000
 1865.6009000 82.749275208 0.0010484334 0.0021152801 0.8419228792 2.0000000000
 1866.1009000 87.536102295 0.0007937520 0.0020835500 0.4988856316 2.0000000000
 1866.6009000 89.334953308 0.0004596967 0.0020685301 0.1700147986 2.0000000000
 1867.1009000 90.653480530 0.0001978658 0.0020649899 0.0316171050 2.0000000000
 1867.6009000 90.071083069 0.0002218642 0.0020700700 0.0395373367 2.0000000000
 1868.1009000 89.598457336 0.0002553040 0.0020725199 0.0522177368 2.0000000000
 1868.6009000 89.560226440 0.0003261082 0.0020725101 0.0851982832 2.0000000000
 1869.1009000 89.602195740 0.0003874322 0.0020705799 0.1205005720 2.0000000000
 1869.6009000 89.961570740 0.0004112380 0.0020679201 0.1361483037 2.0000000000
 1870.1009000 90.155471802 0.0004608615 0.0020692099 0.1707540154 2.0000000000
 1870.6009000 89.694511414 0.0006126586 0.0020780200 0.2989563048 2.0000000000
 1871.1009000 88.326484680 0.0007995759 0.0021084901 0.4931533635 2.0000000000
 1871.6009000 83.368751526 0.0011254812 0.0021550099 0.9312968254 2.0000000000
 1872.1009000 78.670257568 0.0014854723 0.0021953399 1.5574898720 2.0000000000
 1872.6009000 74.997695923 0.0019803573 0.0022272000 2.6817412376 3.0000000000
 1873.1009000 72.055175781 0.0023382830 0.0022416299 3.6859848499 3.0000000000
 1873.6009000 72.001777649 0.0021541908 0.0022368901 3.1430413723 3.0000000000
 1874.1009000 73.037826538 0.0019262336 0.0022061400 2.5907480717 3.0000000000
 1874.6009000 78.385368347 0.0015246787 0.0021563501 1.7067670822 2.0000000000
 1875.1009000 83.374710083 0.0011093442 0.0021150999 0.9427676201 2.0000000000
 1875.6009000 86.946456909 0.0006394779 0.0020834301 0.3238451481 2.0000000000
 1876.1009000 89.951004028 0.0002873817 0.0020652900 0.0666745380 2.0000000000
 1876.6009000 90.710815430 0.0004013635 0.0020524000 0.1318558156 2.0000000000
 1877.1009000 90.532966614 0.0005010515 0.0020219900 0.2123493254 2.0000000000
 1877.6009000 86.644371033 0.0005441719 0.0020178601 0.2516007423 2.0000000000
 1878.1009000 83.105400085 0.0005954381 0.0020453001 0.2924204767 2.0000000000
 1878.6009000 80.950073242 0.0006789418 0.0020636499 0.3727913201 2.0000000000
 1879.1009000 79.294319153 0.0007459375 0.0020700800 0.4469235241 2.0000000000
 1879.6009000 79.615608215 0.0007476024 0.0020635200 0.4520663917 2.0000000000
 1880.1009000 80.656997681 0.0007394388 0.0020397601 0.4536599815 2.0000000000
 1880.6009000 84.548187256 0.0006923790 0.0020048800 0.4131363034 2.0000000000
 1881.1009000 87.896926880 0.0006506455 0.0019829499 0.3737688065 2.0000000000
 1881.6009000 89.098899841 0.0006299910 0.0019771501 0.3526805341 2.0000000000
 1882.1009000 89.101119995 0.0006672576 0.0020000001 0.3857633770 2.0000000000
 1882.6009000 84.355316162 0.0009337480 0.0020451702 0.7192081809 2.0000000000
 1883.1009000 79.724319458 0.0012095006 0.0020875998 1.1534219980 2.0000000000
 1883.6009000 75.547668457 0.0015219087 0.0021222401 1.7612833977 2.0000000000
 1884.1009000 72.533683777 0.0017436789 0.0021291198 2.2955820560 2.0000000000
 1884.6009000 74.120910645 0.0016067497 0.0021074400 1.9935859442 2.0000000000
 1885.1009000 77.033805847 0.0014217616 0.0020540901 1.6515458822 2.0000000000
 1885.6009000 85.193054199 0.0010465814 0.0019776600 0.9727751613 2.0000000000
 1886.1009000 92.901031494 0.0006813945 0.0019120000 0.4441440701 2.0000000000
 1886.6009000 98.823127747 0.0003557582 0.0018627100 0.1282302290 2.0000000000
 1887.1009000 103.13213348 0.0001186001 0.0018519500 0.0144339604 2.0000000000
 1887.6009000 101.05731201 0.0002315955 0.0018767500 0.0534522645 2.0000000000
 1888.1009000 97.984382629 0.0003981985 0.0019253800 0.1493698955 2.0000000000
 1888.6009000 90.961448669 0.0007769542 0.0019913500 0.5280390978 2.0000000000
 1889.1009000 84.290481567 0.0011165536 0.0020489199 1.0242457390 2.0000000000
 1889.6009000 79.012397766 0.0013011919 0.0020923798 1.3282307386 2.0000000000
 1890.1009000 75.268241882 0.0014234486 0.0020992099 1.5781948566 2.0000000000
 1890.6009000 77.594612122 0.0012988311 0.0020739799 1.3493833542 2.0000000000
 1891.1009000 80.506164551 0.0011230868 0.0020347699 1.0521870852 2.0000000000
 1891.6009000 85.733573914 0.0007450095 0.0019868501 0.4879332781 2.0000000000
 1892.1009000 90.453880310 0.0004205430 0.0019510400 0.1618211269 2.0000000000
 1892.6009000 93.167366028 0.0003082420 0.0019293700 0.0890983418 2.0000000000
 1893.1009000 94.951225281 0.0002324322 0.0019299000 0.0506309383 2.0000000000
 1893.6009000 93.056076050 0.0003010368 0.0019499600 0.0830199867 2.0000000000
 1894.1009000 90.787788391 0.0003767903 0.0019789299 0.1259077936 2.0000000000
 1894.6009000 87.042762756 0.0004808362 0.0020147702 0.1971052289 2.0000000000
 1895.1009000 83.348037720 0.0006428727 0.0020494000 0.3393682241 2.0000000000
 1895.6009000 79.852310181 0.0010344082 0.0020825700 0.8481346369 2.0000000000
 1896.1009000 76.462493896 0.0014339539 0.0021132200 1.5783088207 2.0000000000
 1896.6009000 73.491821289 0.0018651995 0.0021396300 2.5983970165 2.0000000000
 1897.1009000 70.981491089 0.0022643693 0.0021550301 3.7696161270 2.0000000000
 1897.6009000 70.292976379 0.0025365981 0.0021594400 4.7092618942 2.0000000000
 1898.1009000 70.066772461 0.0026690173 0.0021527999 5.2492194176 2.0000000000
 1898.6009000 71.670166016 0.0022481377 0.0021357199 3.7900800705 2.0000000000
 1899.1009000 73.613838196 0.0018197105 0.0021105101 2.5488965511 2.0000000000
 1899.6009000 76.904190063 0.0013614128 0.0020792501 1.4742966890 2.0000000000
 1900.1009000 80.100120544 0.0009240027 0.0020502701 0.7004258037 2.0000000000
 1900.6009000 82.922439575 0.0005692554 0.0020254899 0.2730537653 2.0000000000
 1901.1009000 85.243110657 0.0002805795 0.0020126901 0.0672670975 2.0000000000
 1901.6009000 85.578544617 0.0002533823 0.0020120200 0.0548986122 2.0000000000
 1902.1009000 85.384002686 0.0002361976 0.0020239900 0.0470860973 2.0000000000
 1902.6009000 83.092079163 0.0002586379 0.0020497299 0.0549100414 2.0000000000
 1903.1009000 80.040878296 0.0006693231 0.0020936101 0.3509949744 2.0000000000
 1903.6009000 73.984840393 0.0026164926 0.0021412100 5.1049160957 2.0000000000
 1904.1009000 68.343444824 0.0054071667 0.0021515600 21.571577072 2.0000000000
 1904.6009000 64.343032837 0.0115360217 0.0021676701 96.588882446 3.0000000000
 1905.1009000 61.177814484 0.0164275952 0.0020922101 211.74655151 3.0000000000
 1905.6009000 61.317874908 0.0164226014 0.0019454800 248.32760620 3.0000000000
 1906.1009000 62.508796692 0.0160565227 0.0020401098 213.82830811 3.0000000000
 1906.6009000 67.858497620 0.0142614469 0.0021562399 149.34599304 3.0000000000
 1907.1009000 73.165466309 0.0116828531 0.0021059201 105.56639099 3.0000000000
 1907.6009000 78.303359985 0.0060034730 0.0020609500 29.231876373 2.0000000000
 1908.1009000 82.499046326 0.0014677219 0.0020384900 1.7898170948 2.0000000000
 1908.6009000 82.965919495 0.0014578912 0.0020356202 1.7714030743 2.0000000000
 1909.1009000 83.096702576 0.0014367143 0.0020407701 1.7107787132 2.0000000000
 1909.6009000 81.897415161 0.0013706349 0.0020534100 1.5360206366 2.0000000000
 1910.1009000 80.473617554 0.0012412136 0.0020713999 1.2356981039 2.0000000000
 1910.6009000 78.161331177 0.0008611179 0.0020915100 0.5822551847 2.0000000000
 1911.1009000 76.299903870 0.0005715681 0.0021008500 0.2540194392 2.0000000000
 1911.6009000 76.222747803 0.0006403563 0.0021009000 0.3188244104 2.0000000000
 1912.1009000 76.288452148 0.0007371151 0.0020975401 0.4239435494 2.0000000000
 1912.6009000 76.919563293 0.0009445685 0.0020914800 0.7005977631 2.0000000000
 1913.1009000 77.546592712 0.0011238280 0.0020855200 0.9979944229 2.0000000000
 1913.6009000 78.157478333 0.0011915098 0.0020784801 1.1301974058 2.0000000000
 1914.1009000 79.008186340 0.0012378825 0.0020657100 1.2365345955 2.0000000000
 1914.6009000 80.807983398 0.0011999243 0.0020493800 1.1823285818 2.0000000000
 1915.1009000 82.398818970 0.0011505425 0.0020380400 1.1003665924 2.0000000000
 1915.6009000 83.162673950 0.0010559517 0.0020260599 0.9389729500 2.0000000000
 1916.1009000 84.885139465 0.0010635741 0.0019911900 0.9896634817 2.0000000000
 1916.6009000 90.401351929 0.0014757068 0.0019363100 2.0260746479 2.0000000000
 1917.1009000 96.276351929 0.0017885957 0.0018728700 3.2026357651 2.0000000000
 1917.6009000 103.57125092 0.0017087266 0.0017986000 3.1951341629 2.0000000000
 1918.1009000 111.69245911 0.0016056556 0.0017046100 3.1748979092 2.0000000000
 1918.6009000 123.08383942 0.0014107642 0.0016000200 2.8172991276 2.0000000000
 1919.1009000 133.40280151 0.0011307554 0.0015210500 2.0231201649 2.0000000000
 1919.6009000 139.47764587 0.0005138945 0.0014657601 0.4533248842 1.0000000000
 1920.1009000 144.87988281 0.0000220028 0.0014459599 0.0008562760 1.0000000000
 1920.6009000 147.62034607 0.0000246791 0.0015014800 0.0009915539 2.0000000000
 1921.1009000 149.31838989 0.0000268808 0.0014855600 0.0012042716 1.0000000000
 1921.6009000 146.89108276 0.0000272040 0.0014306100 0.0013400383 1.0000000000
 1922.1009000 144.76426697 0.0000268394 0.0014453700 0.0012752376 1.0000000000
 1922.6009000 143.82669067 0.0000237530 0.0014545999 0.0009849173 1.0000000000
 1923.1009000 142.84767151 0.0000222178 0.0014648200 0.0008485494 1.0000000000
 1923.6009000 141.70466614 0.0000268219 0.0014747600 0.0012184018 1.0000000000
 1924.1009000 140.78288269 0.0000356709 0.0014794400 0.0021400019 1.0000000000
 1924.6009000 140.73663330 0.0000613197 0.0014806800 0.0063122609 1.0000000000
 1925.1009000 140.52442932 0.0000820307 0.0014858800 0.0112095606 1.0000000000
 1925.6009000 139.65547180 0.0000832005 0.0014927899 0.0114144459 1.0000000000
 1926.1009000 139.09167480 0.0000842033 0.0014924001 0.0116979713 1.0000000000
 1926.6009000 139.73554993 0.0000845449 0.0014863100 0.0118996575 1.0000000000
 1927.1009000 140.35713196 0.0000839878 0.0014807400 0.0118407421 1.0000000000
 1927.6009000 140.89050293 0.0000798736 0.0014747800 0.0108045591 1.0000000000
 1928.1009000 141.59521484 0.0000775634 0.0014647201 0.0103431735 1.0000000000
 1928.6009000 142.97802734 0.0000823922 0.0014530399 0.0118785081 1.0000000000
 1929.1009000 144.02026367 0.0000854654 0.0014494901 0.0128501244 1.0000000000
 1929.6009000 143.71464539 0.0000815908 0.0014519000 0.0116686691 1.0000000000
 1930.1009000 143.52015686 0.0000740261 0.0014516499 0.0096089058 1.0000000000
 1930.6009000 143.76556396 0.0000518583 0.0014494901 0.0047311168 1.0000000000
 1931.1009000 143.97012329 0.0000327768 0.0014483001 0.0018934036 1.0000000000
 1931.6009000 144.01296997 0.0000259089 0.0014470101 0.0011853924 1.0000000000
 1932.1009000 144.23699951 0.0000202547 0.0014414000 0.0007306783 1.0000000000
 1932.6009000 145.17810059 0.0000194033 0.0014332400 0.0006789656 1.0000000000
 1933.1009000 145.93280029 0.0000186913 0.0014295200 0.0006336683 1.0000000000
 1933.6009000 145.94978333 0.0000185315 0.0014292500 0.0006231352 1.0000000000
 1934.1009000 145.98858643 0.0000191109 0.0014284600 0.0006635204 1.0000000000
 1934.6009000 146.11364746 0.0000226163 0.0014276899 0.0009303515 1.0000000000
 1935.1009000 146.14726257 0.0000247087 0.0014291101 0.0011080353 1.0000000000
 1935.6009000 145.81896973 0.0000212093 0.0014312799 0.0008136930 1.0000000000
 1936.1009000 145.69500732 0.0000181193 0.0014285899 0.0005963279 1.0000000000
 1936.6009000 146.37953186 0.0000166487 0.0014227700 0.0005080001 1.0000000000
 1937.1009000 146.90264893 0.0000152529 0.0014208000 0.0004276904 1.0000000000
 1937.6009000 146.78700256 0.0000141529 0.0014211599 0.0003680226 1.0000000000
 1938.1009000 146.82759094 0.0000159162 0.0014178001 0.0004678683 1.0000000000
 1938.6009000 147.48649597 0.0000290109 0.0014116800 0.0015692855 1.0000000000
 1939.1009000 148.09872437 0.0000416258 0.0014066701 0.0032561368 1.0000000000
 1939.6009000 148.52629089 0.0000523421 0.0013962300 0.0052335509 1.0000000000
 1940.1009000 149.11935425 0.0000615881 0.0013591700 0.0076876059 1.0000000000
 1940.6009000 150.36734009 0.0000650157 0.0013355701 0.0089036906 1.0000000000
 1941.1009000 151.39744568 0.0000651397 0.0013982400 0.0080799954 1.0000000000
 1941.6009000 151.56526184 0.0000521892 0.0014999001 0.0044445130 1.0000000000
 1942.1009000 151.59565735 0.0000402581 0.0016434800 0.0021628442 2.0000000000
 1942.6009000 151.08218384 0.0000323612 0.0017270000 0.0012531619 2.0000000000
 1943.1009000 150.57048035 0.0000258630 0.0015144300 0.0010685830 2.0000000000
 1943.6009000 150.06573486 0.0000248996 0.0013031900 0.0013783772 1.0000000000
 1944.1009000 149.78608704 0.0000243276 0.0014432800 0.0010510617 1.0000000000
 1944.6009000 150.39718628 0.0000253046 0.0015131700 0.0010248123 2.0000000000
 1945.1009000 151.11344910 0.0000270033 0.0012948599 0.0016441640 1.0000000000
 1945.6009000 152.24595642 0.0000315590 0.0012872700 0.0022749526 1.0000000000
 1946.1009000 153.24482727 0.0000344516 0.0013816201 0.0023204007 1.0000000000
 1946.6009000 153.71475220 0.0000307627 0.0013264200 0.0020237246 1.0000000000
 1947.1009000 153.89730835 0.0000288546 0.0013148200 0.0018152039 1.0000000000
 1947.6009000 152.94265747 0.0000339939 0.0012256800 0.0029401626 1.0000000000
 1948.1009000 151.82524109 0.0000371700 0.0013396400 0.0028907552 1.0000000000
 1948.6009000 150.06359863 0.0000325772 0.0014804500 0.0017822167 1.0000000000
 1949.1009000 148.36787415 0.0000293199 0.0014130500 0.0015994787 1.0000000000
 1949.6009000 146.93293762 0.0000313482 0.0014251199 0.0017945301 1.0000000000
 1950.1009000 145.86074829 0.0000328864 0.0014285301 0.0019646038 1.0000000000
 1950.6009000 146.22416687 0.0000324853 0.0014239800 0.0019304799 1.0000000000
 1951.1009000 146.80586243 0.0000327118 0.0014267100 0.0019492649 1.0000000000
 1951.6009000 148.25144958 0.0000354220 0.0014630499 0.0021626004 1.0000000000
 1952.1009000 149.80439758 0.0000370158 0.0014489400 0.0024124812 1.0000000000
 1952.6009000 151.78213501 0.0000341916 0.0012982100 0.0026210768 1.0000000000
 1953.1009000 153.61145020 0.0000312608 0.0006465700 0.0101542268 0.0000000000
 1953.6009000 154.85348511 0.0000279084 0.0000973100 0.5218243599 0.0000000000
 1954.1009000 156.20187378 0.0000239771 0.0003646000 0.0210667625 0.0000000000
 1954.6009000 157.97116089 0.0000177548 0.0004990000 0.0057917708 0.0000000000
 1955.1009000 159.44500732 0.0000127016 0.0003151800 0.0081448983 0.0000000000
 1955.6009000 159.74972534 0.0000122748 0.0002547400 0.0121511668 0.0000000000
 1956.1009000 159.72404480 0.0000127245 0.0002951000 0.0094482023 0.0000000000
 1956.6009000 158.39080811 0.0000166424 0.0004184800 0.0074946024 0.0000000000
 1957.1009000 156.68437195 0.0000218861 0.0006330500 0.0052140248 0.0000000000
 1957.6009000 153.50088501 0.0000323765 0.0007442900 0.0079914620 0.0000000000
 1958.1009000 150.61494446 0.0000442019 0.0006932900 0.0174127836 0.0000000000
 1958.6009000 148.90647888 0.0000613106 0.0005952600 0.0468507037 0.0000000000
 1959.1009000 147.44818115 0.0000741168 0.0005172500 0.0932594463 0.0000000000
 1959.6009000 146.97990417 0.0000698961 0.0005216600 0.0814053938 0.0000000000
 1960.1009000 146.53286743 0.0000677262 0.0005255600 0.0751873553 0.0000000000
 1960.6009000 146.16978455 0.0000736728 0.0005292200 0.0876223594 0.0000000000
 1961.1009000 145.77272034 0.0000769918 0.0005336900 0.0939404219 0.0000000000
 1961.6009000 145.24102783 0.0000699117 0.0005379000 0.0761300176 0.0000000000
 1962.1009000 144.90008545 0.0000644605 0.0005375500 0.0648134500 0.0000000000
 1962.6009000 145.31396484 0.0000654555 0.0005321100 0.0683423206 0.0000000000
 1963.1009000 146.02943420 0.0000632126 0.0004820000 0.0792325512 0.0000000000
 1963.6009000 147.93836975 0.0000481551 0.0003004600 0.1300631166 0.0000000000
 1964.1009000 149.64302063 0.0000340036 0.0002402800 0.1060400605 0.0000000000
 1964.6009000 150.53921509 0.0000234373 0.0003436000 0.0229348950 0.0000000000
 1965.1009000 151.18339539 0.0000143906 0.0006147600 0.0024043804 0.0000000000
 1965.6009000 150.83027649 0.0000113577 0.0008654600 0.0007057231 1.0000000000
 1966.1009000 150.15933228 0.0000090967 0.0006905400 0.0007439580 0.0000000000
 1966.6009000 148.23059082 0.0000098905 0.0005167400 0.0016643140 0.0000000000
 1967.1009000 146.30406189 0.0000118349 0.0005352600 0.0022054040 0.0000000000
 1967.6009000 144.38633728 0.0000183330 0.0005590300 0.0048096105 0.0000000000
 1968.1009000 141.36996460 0.0000462742 0.0006090300 0.0253788736 0.0000000000
 1968.6009000 134.00579834 0.0001590768 0.0006839500 0.2323592454 0.0000000000
 1969.1009000 125.81694031 0.0003967607 0.0007785700 1.0869323015 0.0000000000
 1969.6009000 114.36440277 0.0011286646 0.0008929200 6.5064220428 1.0000000000
 1970.1009000 102.07919312 0.0017345272 0.0010271600 11.291676521 1.0000000000
 1970.6009000 86.498641968 0.0018415805 0.0011597200 9.7455081940 1.0000000000
 1971.1009000 72.232872009 0.0019407056 0.0012079100 9.8956251144 1.0000000000
 1971.6009000 63.170372009 0.0020084553 0.0012189200 10.389123917 1.0000000000
 1972.1009000 54.719810486 0.0019949537 0.0013520101 8.1603698730 1.0000000000
 1972.6009000 48.691013336 0.0016598984 0.0015824001 3.9963839054 2.0000000000
 1973.1009000 43.827980042 0.0017314628 0.0016120500 4.1743955612 2.0000000000
 1973.6009000 43.578487396 0.0034122292 0.0015140501 18.610921860 2.0000000000
 1974.1009000 42.978130341 0.0047392207 0.0014513800 39.399925232 1.0000000000
 1974.6009000 40.989227295 0.0046661412 0.0015498200 33.059555054 2.0000000000
 1975.1009000 39.897079468 0.0046662325 0.0016726900 27.952375412 2.0000000000
 1975.6009000 42.353862762 0.0049558994 0.0016541501 32.313213348 2.0000000000
 1976.1009000 44.509109497 0.0050283400 0.0014433400 44.899166107 1.0000000000
 1976.6009000 45.471004486 0.0042411038 0.0013869100 34.869972229 1.0000000000
 1977.1009000 46.906826019 0.0036034617 0.0014546401 22.666141510 1.0000000000
 1977.6009000 50.218231201 0.0035578434 0.0015127601 20.271203995 2.0000000000
 1978.1009000 52.803901672 0.0034296669 0.0016554401 15.448781967 2.0000000000
 1978.6009000 52.517471313 0.0029747668 0.0014909799 14.630793571 1.0000000000
 1979.1009000 52.267265320 0.0025525775 0.0011871000 17.786310196 1.0000000000
 1979.6009000 52.160442352 0.0022598414 0.0012907999 11.594880104 1.0000000000
 1980.1009000 51.913867950 0.0020477660 0.0014603600 7.2568612099 1.0000000000
 1980.6009000 51.114212036 0.0021549060 0.0015019900 7.5542120934 2.0000000000
 1981.1009000 50.805816650 0.0022730443 0.0015875900 7.4403171539 2.0000000000
 1981.6009000 52.441596985 0.0024347089 0.0015822300 8.6000490189 2.0000000000
 1982.1009000 53.930976868 0.0024542511 0.0015494700 9.1502923965 2.0000000000
 1982.6009000 54.840980530 0.0019113416 0.0013319100 7.7416200638 1.0000000000
 1983.1009000 55.649265289 0.0015386925 0.0013714599 4.7043628693 1.0000000000
 1983.6009000 56.055000305 0.0018398501 0.0014397700 6.0439381599 1.0000000000
 1984.1009000 55.822677612 0.0020379080 0.0014339900 7.4811382294 1.0000000000
 1984.6009000 53.065250397 0.0018279459 0.0015945401 4.7657222748 2.0000000000
 1985.1009000 50.339775085 0.0016629273 0.0015413300 4.2498750687 2.0000000000
 1985.6009000 47.740749359 0.0016757728 0.0016677000 3.6288652420 2.0000000000
 1986.1009000 45.127174377 0.0016823418 0.0017367500 3.3450789452 2.0000000000
 1986.6009000 42.456016541 0.0016640695 0.0016430899 3.6973280907 2.0000000000
 1987.1009000 40.670448303 0.0016207391 0.0016123999 3.6558310986 2.0000000000
 1987.6009000 42.389602661 0.0014782404 0.0014543401 3.8161458969 1.0000000000
 1988.1009000 44.570056915 0.0013319945 0.0012300101 4.4792551994 1.0000000000
 1988.6009000 48.576145172 0.0011709196 0.0011502500 4.0115413666 1.0000000000
 1989.1009000 52.793132782 0.0010052924 0.0012519901 2.4539337158 1.0000000000
 1989.6009000 57.844730377 0.0008216503 0.0012717000 1.5838999748 1.0000000000
 1990.1009000 62.243473053 0.0007029173 0.0012340200 1.2385104895 1.0000000000
 1990.6009000 64.058525085 0.0008410633 0.0010914500 2.3229985237 1.0000000000
 1991.1009000 65.849906921 0.0012304729 0.0011348401 4.5633931160 1.0000000000
 1991.6009000 67.547599792 0.0026142623 0.0012781800 15.856080055 1.0000000000
 1992.1009000 68.921165466 0.0036778480 0.0012711301 31.766515732 1.0000000000
 1992.6009000 69.011985779 0.0034742213 0.0012694401 28.429428101 1.0000000000
 1993.1009000 69.272605896 0.0033221915 0.0012636899 26.256702423 1.0000000000
 1993.6009000 70.205215454 0.0033743572 0.0012559999 27.453958511 1.0000000000
 1994.1009000 70.868469238 0.0031377387 0.0012547401 23.791141510 1.0000000000
 1994.6009000 70.465713501 0.0017582497 0.0012568900 7.4422988892 1.0000000000
 1995.1009000 70.423439026 0.0006646680 0.0012504300 1.0756695271 1.0000000000
 1995.6009000 71.807739258 0.0007025670 0.0012371800 1.2303345203 1.0000000000
 1996.1009000 73.173263550 0.0006975700 0.0012243800 1.2409659624 1.0000000000
 1996.6009000 74.464485168 0.0005228105 0.0012124100 0.7122945786 1.0000000000
 1997.1009000 75.658264160 0.0003905473 0.0012027700 0.4045251012 1.0000000000
 1997.6009000 76.466384888 0.0004264635 0.0011961501 0.4882420301 1.0000000000
 1998.1009000 77.030380249 0.0004548733 0.0011953700 0.5562571883 1.0000000000
 1998.6009000 76.628234863 0.0004535763 0.0011997400 0.5486671925 1.0000000000
 1999.1009000 76.123298645 0.0004572474 0.0012065700 0.5506644249 1.0000000000
 1999.6009000 75.211593628 0.0004805799 0.0012145099 0.5995822549 1.0000000000
 2000.1009000 74.474357605 0.0006015874 0.0012182901 0.9331379533 1.0000000000
 2000.6009000 74.427581787 0.0011091451 0.0012198200 3.1631958485 1.0000000000
 2001.1009000 74.154289246 0.0015340487 0.0012267700 5.9758458138 1.0000000000
 2001.6009000 72.984565735 0.0016318469 0.0012371900 6.6374115944 1.0000000000
 2002.1009000 71.993072510 0.0017029817 0.0012433400 7.1502656937 1.0000000000
 2002.6009000 71.706939697 0.0016685963 0.0012458800 6.8336834908 1.0000000000
 2003.1009000 71.465370178 0.0015338555 0.0012473700 5.7594261169 1.0000000000
 2003.6009000 71.400169373 0.0010019579 0.0012464400 2.4616253376 1.0000000000
 2004.1009000 71.657768250 0.0005479028 0.0012378100 0.7474262118 1.0000000000
 2004.6009000 73.192848206 0.0004019103 0.0012236100 0.4125187099 1.0000000000
 2005.1009000 74.603767395 0.0002893567 0.0012123800 0.2182035148 1.0000000000
 2005.6009000 75.523353577 0.0003091377 0.0012040300 0.2528727353 1.0000000000
 2006.1009000 76.337707520 0.0003311443 0.0011982000 0.2932716906 1.0000000000
 2006.6009000 76.735595703 0.0003619587 0.0011955900 0.3520764112 1.0000000000
 2007.1009000 76.879425049 0.0003892118 0.0011990400 0.4045180976 1.0000000000
 2007.6009000 76.017829895 0.0004023717 0.0012075300 0.4256761968 1.0000000000
 2008.1009000 75.118698120 0.0004347012 0.0012169000 0.4884509146 1.0000000000
 2008.6009000 74.071037292 0.0005428950 0.0012273500 0.7476548553 1.0000000000
 2009.1009000 72.950683594 0.0006446766 0.0012395300 1.0316164494 1.0000000000
 2009.6009000 71.542663574 0.0007210821 0.0012495100 1.2680664063 1.0000000000
 2010.1009000 70.878295898 0.0007859650 0.0012417301 1.5273782015 1.0000000000
 2010.6009000 73.156944275 0.0008052477 0.0012186900 1.6706823111 1.0000000000
 2011.1009000 75.661430359 0.0007938258 0.0011902599 1.7101668119 1.0000000000
 2011.6009000 79.059654236 0.0006608906 0.0011587900 1.2573285103 1.0000000000
 2012.1009000 82.194129944 0.0005497519 0.0011336200 0.9130716920 1.0000000000
 2012.6009000 84.284873962 0.0005248733 0.0011186000 0.8570860028 1.0000000000
 2013.1009000 85.312263489 0.0008115018 0.0011289701 2.0076019764 1.0000000000
 2013.6009000 82.131408691 0.0023309232 0.0011624501 15.532181740 1.0000000000
 2014.1009000 78.360832214 0.0035941177 0.0012100200 33.809673309 1.0000000000
 2014.6009000 72.256431580 0.0038432903 0.0012488901 36.062274933 1.0000000000
 2015.1009000 66.650215149 0.0040833866 0.0011985000 44.569450378 1.0000000000
 2015.6009000 63.015594482 0.0042875609 0.0011204900 56.980075836 1.0000000000
 2016.1009000 60.142532349 0.0041404031 0.0011058300 54.697929382 1.0000000000
 2016.6009000 60.283363342 0.0026028417 0.0011471000 19.942182541 1.0000000000
 2017.1009000 61.117568970 0.0013264584 0.0012249900 4.4822459221 1.0000000000
 2017.6009000 64.695808411 0.0010836902 0.0012711399 2.7579405308 1.0000000000
 2018.1009000 68.340469360 0.0008457890 0.0012583401 1.7177833319 1.0000000000
 2018.6009000 72.248016357 0.0006271491 0.0012220800 1.0072154999 1.0000000000
 2019.1009000 75.868026733 0.0004501637 0.0011926800 0.5475051999 1.0000000000
 2019.6009000 78.350128174 0.0004380258 0.0011703500 0.5403866768 1.0000000000
 2020.1009000 80.503479004 0.0004271445 0.0011558600 0.5281509757 1.0000000000
 2020.6009000 81.355796814 0.0004212363 0.0011491700 0.5202428699 1.0000000000
 2021.1009000 81.893753052 0.0004060177 0.0011499800 0.4825821221 1.0000000000
 2021.6009000 81.187652588 0.0003539529 0.0011585400 0.3608167768 1.0000000000
 2022.1009000 80.117706299 0.0003074477 0.0011757900 0.2635220587 1.0000000000
 2022.6009000 77.607810974 0.0002829442 0.0011987700 0.2138860822 1.0000000000
 2023.1009000 75.346343994 0.0003333355 0.0012158200 0.2877734303 1.0000000000
 2023.6009000 74.068038940 0.0006801248 0.0012288500 1.1702528000 1.0000000000
 2024.1009000 72.642005920 0.0009732743 0.0012454099 2.3269305229 1.0000000000
 2024.6009000 70.631370544 0.0010541442 0.0012619101 2.6517806053 1.0000000000
 2025.1009000 69.215209961 0.0011358162 0.0012642200 3.0662410259 1.0000000000
 2025.6009000 70.151695251 0.0012206619 0.0012549800 3.5990662575 1.0000000000
 2026.1009000 71.133758545 0.0012320228 0.0012446500 3.7336494923 1.0000000000
 2026.6009000 72.296241760 0.0009525669 0.0012315300 2.2846093178 1.0000000000
 2027.1009000 73.856895447 0.0007106799 0.0012089000 1.3246134520 1.0000000000
 2027.6009000 76.993347168 0.0006174711 0.0011797399 1.0551239252 1.0000000000
 2028.1009000 79.911323547 0.0005213490 0.0011557901 0.7869068384 1.0000000000
 2028.6009000 81.964706421 0.0004136966 0.0011389600 0.5117350817 1.0000000000
 2029.1009000 83.404266357 0.0003205736 0.0011367900 0.3085737824 1.0000000000
 2029.6009000 82.414588928 0.0002849511 0.0011475200 0.2388185412 1.0000000000
 2030.1009000 81.175659180 0.0002535044 0.0011642100 0.1831057966 1.0000000000
 2030.6009000 78.950363159 0.0002385835 0.0011850001 0.1559912562 1.0000000000
 2031.1009000 76.861038208 0.0002423149 0.0012025400 0.1557906419 1.0000000000
 2031.6009000 75.309799194 0.0003198635 0.0012149099 0.2654192746 1.0000000000
 2032.1009000 74.293365479 0.0003778400 0.0012145099 0.3706240356 1.0000000000
 2032.6009000 75.393455505 0.0003583597 0.0012027700 0.3405937254 1.0000000000
 2033.1009000 76.731208801 0.0003527850 0.0011853500 0.3408457041 1.0000000000
 2033.6009000 79.009544373 0.0004022426 0.0011637900 0.4613726735 1.0000000000
 2034.1009000 81.205268860 0.0004367431 0.0011442000 0.5646091104 1.0000000000
 2034.6009000 83.074073792 0.0004120517 0.0011257799 0.5208416581 1.0000000000
 2035.1009000 85.031219482 0.0003957131 0.0011052400 0.5002146959 1.0000000000
 2035.6009000 87.337989807 0.0004124312 0.0010848100 0.5661413074 1.0000000000
 2036.1009000 89.272224426 0.0004290820 0.0010732800 0.6273529530 1.0000000000
 2036.6009000 89.732139587 0.0004454672 0.0010702000 0.6804695129 1.0000000000
 2037.1009000 89.910858154 0.0005352154 0.0010738401 0.9749674201 1.0000000000
 2037.6009000 88.976745605 0.0009152989 0.0010843800 2.7907862663 1.0000000000
 2038.1009000 87.721794128 0.0012789255 0.0011026000 5.2525582314 1.0000000000
 2038.6009000 85.197128296 0.0015774233 0.0011251100 7.6430654526 1.0000000000
 2039.1009000 83.048912048 0.0017964070 0.0011386300 9.6553440094 1.0000000000
 2039.6009000 82.390525818 0.0017007136 0.0011423599 8.5920324326 1.0000000000
 2040.1009000 82.275291443 0.0015388310 0.0011331100 7.1611585617 1.0000000000
 2040.6009000 84.309638977 0.0011150026 0.0011119200 3.9191324711 1.0000000000
 2041.1009000 86.673782349 0.0007084800 0.0010828500 1.6772774458 1.0000000000
 2041.6009000 90.343063354 0.0003704448 0.0010476300 0.4931618571 1.0000000000
 2042.1009000 93.985443115 0.0000982355 0.0010130500 0.0373378322 1.0000000000
 2042.6009000 97.521286011 0.0000865334 0.0009815301 0.0310584586 1.0000000000
 2043.1009000 100.52900696 0.0000755290 0.0009626200 0.0246960018 1.0000000000
 2043.6009000 101.44670868 0.0000672855 0.0009562100 0.0198895931 1.0000000000
 2044.1009000 101.86087036 0.0000639736 0.0009618200 0.0177498851 1.0000000000
 2044.6009000 100.28231812 0.0000801786 0.0009774300 0.0269109346 1.0000000000
 2045.1009000 98.619117737 0.0000982068 0.0009950700 0.0388155095 1.0000000000
 2045.6009000 96.620872498 0.0001234502 0.0010126800 0.0590125881 1.0000000000
 2046.1009000 94.963485718 0.0001470131 0.0010221500 0.0819935873 1.0000000000
 2046.6009000 94.655006409 0.0001639256 0.0010241100 0.1015151814 1.0000000000
 2047.1009000 94.556503296 0.0001803353 0.0010210500 0.1236682534 1.0000000000
 2047.6009000 95.288955688 0.0001947555 0.0010149800 0.1461413503 1.0000000000
 2048.1009000 95.817573547 0.0002306981 0.0010137700 0.2055990845 1.0000000000
 2048.6009000 95.539489746 0.0003518157 0.0010182600 0.4735231400 1.0000000000
 2049.1009000 94.885559082 0.0004638206 0.0010317300 0.7995667458 1.0000000000
 2049.6009000 92.744209290 0.0005397621 0.0010516000 1.0383256674 1.0000000000
 2050.1009000 90.759803772 0.0005968215 0.0010677300 1.2276475430 1.0000000000
 2050.6009000 89.396522522 0.0005791541 0.0010794001 1.1287215948 1.0000000000
 2051.1009000 88.336471558 0.0005674500 0.0010838400 1.0738205910 1.0000000000
 2051.6009000 88.476394653 0.0005793453 0.0010796699 1.1288462877 1.0000000000
 2052.1009000 89.199897766 0.0005698188 0.0010615800 1.1333853006 1.0000000000
 2052.6009000 92.232910156 0.0004755151 0.0010326901 0.8386767507 1.0000000000
 2053.1009000 95.197952271 0.0003958897 0.0010054200 0.6165721416 1.0000000000
 2053.6009000 97.894027710 0.0003743542 0.0009807600 0.5822740793 1.0000000000
 2054.1009000 100.31764984 0.0003308470 0.0009625999 0.4738857150 1.0000000000
 2054.6009000 101.66309357 0.0002003864 0.0009505900 0.1787110865 1.0000000000
 2055.1009000 102.80860901 0.0000990907 0.0009433600 0.0444401391 1.0000000000
 2055.6009000 103.16293335 0.0001132154 0.0009408000 0.0583601743 1.0000000000
 2056.1009000 103.33905029 0.0001336170 0.0009425100 0.0809644759 1.0000000000
 2056.6009000 102.80995178 0.0001788600 0.0009462900 0.1438047290 1.0000000000
 2057.1009000 102.55384064 0.0002446561 0.0009435600 0.2707815170 1.0000000000
 2057.6009000 103.37803650 0.0003917908 0.0009380500 0.7034145594 1.0000000000
 2058.1009000 103.69750977 0.0005084791 0.0009445900 1.1668387651 1.0000000000
 2058.6009000 102.01947784 0.0005046745 0.0009600800 1.1090378761 1.0000000000
 2059.1009000 100.48066711 0.0005222079 0.0009722600 1.1549563408 1.0000000000
 2059.6009000 99.492820740 0.0006241869 0.0009825100 1.6124560833 1.0000000000
 2060.1009000 98.352119446 0.0006766823 0.0009964200 1.8373686075 1.0000000000
 2060.6009000 96.606445313 0.0005333464 0.0010115700 1.1041491032 1.0000000000
 2061.1009000 95.205375671 0.0004535202 0.0010185001 0.7864640355 1.0000000000
 2061.6009000 95.168045044 0.0006250338 0.0010187500 1.4929945469 1.0000000000
 2062.1009000 95.155151367 0.0007388680 0.0010184101 2.0878717899 1.0000000000
 2062.6009000 95.238914490 0.0006244355 0.0010192200 1.4886263609 1.0000000000
 2063.1009000 94.988655090 0.0005493049 0.0010279900 1.1304500103 1.0000000000
 2063.6009000 93.416503906 0.0006297125 0.0010430800 1.4387516975 1.0000000000
 2064.1009000 91.855705261 0.0006627120 0.0010579100 1.5447652340 1.0000000000
 2064.6009000 90.339889526 0.0005080940 0.0010728000 0.8805353045 1.0000000000
 2065.1009000 88.763565063 0.0003988965 0.0010891401 0.5249720812 1.0000000000
 2065.6009000 86.947807312 0.0004694511 0.0011047800 0.7046508789 1.0000000000
 2066.1009000 85.517486572 0.0005154893 0.0011112100 0.8388568163 1.0000000000
 2066.6009000 85.612548828 0.0004645032 0.0011099200 0.6828663945 1.0000000000
 2067.1009000 85.785316467 0.0004210714 0.0011067800 0.5646465421 1.0000000000
 2067.6009000 86.265594482 0.0004075363 0.0011017100 0.5342991948 1.0000000000
 2068.1009000 86.837158203 0.0004060901 0.0010944600 0.5382760167 1.0000000000
 2068.6009000 87.770011902 0.0004524865 0.0010848100 0.6814486980 1.0000000000
 2069.1009000 88.839347839 0.0004798695 0.0010719099 0.7868610620 1.0000000000
 2069.6009000 90.448814392 0.0004320068 0.0010553000 0.6600154042 1.0000000000
 2070.1009000 92.287353516 0.0003943014 0.0010332200 0.5760132670 1.0000000000
 2070.6009000 95.032501221 0.0003967934 0.0010075400 0.6165266037 1.0000000000
 2071.1009000 97.617958069 0.0003718725 0.0009856700 0.5683014393 1.0000000000
 2071.6009000 99.571403503 0.0002384641 0.0009713300 0.2413454801 1.0000000000
 2072.1009000 100.59539795 0.0001351653 0.0009791800 0.0761785656 1.0000000000
 2072.6009000 97.941093445 0.0001510252 0.0010066900 0.0894804150 1.0000000000
 2073.1009000 94.885101318 0.0002232544 0.0010437900 0.1805722415 1.0000000000
 2073.6009000 90.239440918 0.0005185660 0.0010884400 0.8884606957 1.0000000000
 2074.1009000 85.616508484 0.0007600067 0.0011325501 1.7486728430 1.0000000000
 2074.6009000 81.083503723 0.0007882530 0.0011701700 1.7505861521 1.0000000000
 2075.1009000 77.808731079 0.0008102711 0.0011777299 1.8237284422 1.0000000000
 2075.6009000 79.513412476 0.0008076417 0.0011629299 1.8630290031 1.0000000000
 2076.1009000 80.881629944 0.0007475427 0.0011561600 1.6167114973 1.0000000000
 2076.6009000 80.918281555 0.0004600087 0.0011557100 0.6127236485 1.0000000000
 2077.1009000 80.975524902 0.0002288357 0.0011547600 0.1519028246 1.0000000000
 2077.6009000 81.114273071 0.0002207122 0.0011547100 0.1413228661 1.0000000000
 2078.1009000 80.986503601 0.0002295018 0.0011610200 0.1509819031 1.0000000000
 2078.6009000 79.803970337 0.0003052251 0.0011721200 0.2615182400 1.0000000000
 2079.1009000 78.682083130 0.0003714673 0.0011817700 0.3804245889 1.0000000000
 2079.6009000 77.800163269 0.0004001880 0.0011907500 0.4342329800 1.0000000000
 2080.1009000 76.817588806 0.0005614700 0.0012021400 0.8370511532 1.0000000000
 2080.6009000 75.436668396 0.0012473651 0.0012164800 4.0249104500 1.0000000000
 2081.1009000 73.841072083 0.0019160032 0.0012359400 9.1706085205 1.0000000000
 2081.6009000 71.395881653 0.0025163461 0.0012556501 15.276706696 1.0000000000
 2082.1009000 69.749786377 0.0029994058 0.0012562800 21.681049347 1.0000000000
 2082.6009000 71.266120911 0.0030183152 0.0012411000 22.550399780 1.0000000000
 2083.1009000 72.901054382 0.0029210940 0.0012230900 21.811349869 1.0000000000
 2083.6009000 75.005302429 0.0023642865 0.0012081400 14.680544853 1.0000000000
 2084.1009000 76.004234314 0.0017937971 0.0012195801 8.2772092819 1.0000000000
 2084.6009000 72.628860474 0.0011691658 0.0012518200 3.3201680183 1.0000000000
 2085.1009000 68.863349915 0.0008989568 0.0012725601 1.8931515217 1.0000000000
 2085.6009000 63.553867340 0.0020313801 0.0012613999 9.8561248779 1.0000000000
 2086.1009000 58.435813904 0.0029696610 0.0013163500 19.177711487 1.0000000000
 2086.6009000 54.075359344 0.0031396181 0.0014752699 16.681549072 1.0000000000
 2087.1009000 51.250160217 0.0032895948 0.0015661401 16.056743622 2.0000000000
 2087.6009000 54.500743866 0.0033604975 0.0015558000 17.002347946 2.0000000000
 2088.1009000 57.803310394 0.0032786995 0.0014321000 19.420566559 1.0000000000
 2088.6009000 61.311603546 0.0025925878 0.0015097600 10.811091423 2.0000000000
 2089.1009000 64.833740234 0.0019953696 0.0014872099 6.6195378304 1.0000000000
 2089.6009000 68.410621643 0.0017499486 0.0012608001 7.3219861984 1.0000000000
 2090.1009000 71.666816711 0.0015261767 0.0012355400 5.8227028847 1.0000000000
 2090.6009000 73.653877258 0.0013880794 0.0012171400 4.9782810211 1.0000000000
 2091.1009000 75.487655640 0.0013374762 0.0012023899 4.7475810051 1.0000000000
 2091.6009000 76.714828491 0.0016331294 0.0011928399 7.2037801743 1.0000000000
 2092.1009000 77.471343994 0.0020572024 0.0011945200 11.395371437 1.0000000000
 2092.6009000 76.365249634 0.0029894970 0.0012066400 23.535598755 1.0000000000
 2093.1009000 74.955368042 0.0037937476 0.0012260200 36.596725464 1.0000000000
 2093.6009000 72.343246460 0.0040912619 0.0012512800 40.694404602 1.0000000000
 2094.1009000 69.711341858 0.0041908519 0.0012930600 39.723136902 1.0000000000
 2094.6009000 67.001152039 0.0035071492 0.0013788501 24.152994156 1.0000000000
 2095.1009000 65.095382690 0.0027741401 0.0013658101 15.431143761 1.0000000000
 2095.6009000 66.373115540 0.0018460033 0.0012881400 7.7722406387 1.0000000000
 2096.1009000 68.029418945 0.0010437884 0.0012649701 2.5861182213 1.0000000000
 2096.6009000 71.183883667 0.0007399118 0.0012346500 1.3707662821 1.0000000000
 2097.1009000 74.322364807 0.0005070459 0.0012047000 0.6794553995 1.0000000000
 2097.6009000 77.397636414 0.0005552059 0.0011769000 0.8575926423 1.0000000000
 2098.1009000 80.095283508 0.0006296609 0.0011581100 1.1427832842 1.0000000000
 2098.6009000 81.298446655 0.0008081789 0.0011493200 1.9144537449 1.0000000000
 2099.1009000 81.919914246 0.0009527638 0.0011544300 2.6348855495 1.0000000000
 2099.6009000 80.239311218 0.0009630576 0.0011680700 2.6234509945 1.0000000000
 2100.1009000 79.086837769 0.0010019490 0.0011691101 2.8340618610 1.0000000000
 2100.6009000 80.024482727 0.0011540157 0.0011633100 3.8009605408 1.0000000000
 2101.1009000 80.290443420 0.0012322917 0.0011735499 4.2513179779 1.0000000000
 2101.6009000 77.898178101 0.0010185398 0.0011955500 2.7880911827 1.0000000000
 2102.1009000 75.723808289 0.0009827591 0.0012123400 2.5172154903 1.0000000000
 2102.6009000 74.411804199 0.0016513016 0.0012285600 6.9020929337 1.0000000000
 2103.1009000 72.356056213 0.0022250002 0.0012716501 11.615859032 1.0000000000
 2103.6009000 67.356933594 0.0024233533 0.0013139100 12.822983742 1.0000000000
 2104.1009000 63.255573273 0.0026099728 0.0011635501 19.433221817 1.0000000000
 2104.6009000 62.707115173 0.0027501562 0.0011024300 24.296428680 1.0000000000
 2105.1009000 62.591850281 0.0027325696 0.0012331400 18.746284485 1.0000000000
 2105.6009000 64.190948486 0.0020906052 0.0012955500 9.8433933258 1.0000000000
 2106.1009000 66.314788818 0.0015794970 0.0012908999 5.6633572578 1.0000000000
 2106.6009000 70.515274048 0.0015862541 0.0012402399 6.2378215790 1.0000000000
 2107.1009000 73.829841614 0.0015772342 0.0012252000 6.3348598480 1.0000000000
 2107.6009000 73.638374329 0.0015057760 0.0012277100 5.7479095459 1.0000000000
 2108.1009000 73.308662415 0.0015101717 0.0012335100 5.7218804359 1.0000000000
 2108.6009000 72.431884766 0.0018147614 0.0012409100 8.1547460556 1.0000000000
 2109.1009000 71.772857666 0.0019956990 0.0012431199 9.8233909607 1.0000000000
 2109.6009000 71.975601196 0.0016872811 0.0012371701 7.0962705612 1.0000000000
 2110.1009000 73.007080078 0.0014176766 0.0012114299 5.2468428612 1.0000000000
 2110.6009000 77.318321228 0.0013016760 0.0011702899 4.7726564407 1.0000000000
 2111.1009000 81.547264099 0.0011450190 0.0011311100 3.9802899361 1.0000000000
 2111.6009000 85.450546265 0.0008274628 0.0010966400 2.2251327038 1.0000000000
 2112.1009000 88.703697205 0.0005333062 0.0010776899 0.9604323506 1.0000000000
 2112.6009000 89.383934021 0.0003317537 0.0010719000 0.3760902286 1.0000000000
 2113.1009000 89.906494141 0.0001684510 0.0010698700 0.0973685756 1.0000000000
 2113.6009000 89.805084229 0.0001565226 0.0010721299 0.0836776569 1.0000000000
 2114.1009000 89.438674927 0.0001474893 0.0010807100 0.0730063841 1.0000000000
 2114.6009000 88.023567200 0.0001499136 0.0010945400 0.0733453557 1.0000000000
 2115.1009000 86.565406799 0.0001532043 0.0011094100 0.0743600205 1.0000000000
 2115.6009000 84.936897278 0.0001599237 0.0011266600 0.0783215091 1.0000000000
 2116.1009000 82.984786987 0.0001791038 0.0011516400 0.0936079994 1.0000000000
 2116.6009000 79.752029419 0.0002475979 0.0011795900 0.1697013974 1.0000000000
 2117.1009000 77.182464600 0.0003057983 0.0011917100 0.2531014979 1.0000000000
 2117.6009000 77.237487793 0.0003232612 0.0011892800 0.2841071188 1.0000000000
 2118.1009000 77.687637329 0.0003414705 0.0011774100 0.3240898848 1.0000000000
 2118.6009000 79.701507568 0.0003626340 0.0011576900 0.3793447018 1.0000000000
 2119.1009000 81.779037476 0.0003898611 0.0011364600 0.4566681385 1.0000000000
 2119.6009000 84.108551025 0.0004410853 0.0011184200 0.6055002213 1.0000000000
 2120.1009000 85.524101257 0.0005046949 0.0011222101 0.7868551016 1.0000000000
 2120.6009000 83.322616577 0.0006173201 0.0011444500 1.1274774075 1.0000000000
 2121.1009000 80.906005859 0.0007444146 0.0011718400 1.5563938618 1.0000000000
 2121.6009000 77.638069153 0.0009287720 0.0012017200 2.2921919823 1.0000000000
 2122.1009000 74.702247620 0.0010680729 0.0012236800 2.9129462242 1.0000000000
 2122.6009000 73.080795288 0.0010290619 0.0012375599 2.6377718449 1.0000000000
 2123.1009000 71.821571350 0.0010088678 0.0012427800 2.5118927956 1.0000000000
 2123.6009000 71.995826721 0.0010631415 0.0012416000 2.7952611446 1.0000000000
 2124.1009000 72.067359924 0.0010730691 0.0012428700 2.8413112164 1.0000000000
 2124.6009000 71.732353210 0.0009074960 0.0012485899 2.0117118359 1.0000000000
 2125.1009000 70.880470276 0.0008649753 0.0012641900 1.7783625126 1.0000000000
 2125.6009000 67.983078003 0.0013094369 0.0012545100 4.1450142860 1.0000000000
 2126.1009000 65.013534546 0.0016850788 0.0011599300 8.1562500000 1.0000000000
 2126.6009000 61.758483887 0.0017883666 0.0011562799 9.2506980896 1.0000000000
 2127.1009000 59.393474579 0.0020192685 0.0012665800 9.6515350342 1.0000000000
 2127.6009000 60.550819397 0.0027552056 0.0013592499 15.383300781 1.0000000000
 2128.1009000 62.922813416 0.0032591850 0.0013357700 22.367029190 1.0000000000
 2128.6009000 70.101806641 0.0028451846 0.0012207701 20.779083252 1.0000000000
 2129.1009000 78.285453796 0.0024500960 0.0011227700 18.523643494 1.0000000000
 2129.6009000 90.445068359 0.0021298504 0.0010093000 17.695123672 1.0000000000
 2130.1009000 101.83818054 0.0017125910 0.0009141500 14.225543976 1.0000000000
 2130.6009000 110.19788361 0.0009113991 0.0008391900 4.8632264137 1.0000000000
 2131.1009000 117.39935303 0.0002523653 0.0007918900 0.4236395359 0.0000000000
 2131.6009000 120.01715088 0.0001559242 0.0007705300 0.1717473269 0.0000000000
 2132.1009000 121.83254242 0.0000806771 0.0007683400 0.0462681949 0.0000000000
 2132.6009000 120.47238922 0.0000893051 0.0007810600 0.0546823293 0.0000000000
 2133.1009000 119.19023895 0.0000966949 0.0007919300 0.0621865466 0.0000000000
 2133.6009000 118.21681976 0.0000991844 0.0007995000 0.0640746132 0.0000000000
 2134.1009000 117.62001801 0.0000973350 0.0007980600 0.0619526468 0.0000000000
 2134.6009000 118.51371765 0.0000783145 0.0007906600 0.0409361720 0.0000000000
 2135.1009000 119.15661621 0.0000613747 0.0007892600 0.0252403375 0.0000000000
 2135.6009000 118.80697632 0.0000526692 0.0007917100 0.0184615459 0.0000000000
 2136.1009000 118.64739990 0.0000483455 0.0007896300 0.0156451445 0.0000000000
 2136.6009000 119.23995972 0.0000613628 0.0007856800 0.0254841074 0.0000000000
 2137.1009000 119.46724701 0.0000715221 0.0007904500 0.0341630355 0.0000000000
 2137.6009000 118.24897003 0.0000703708 0.0008003200 0.0321813896 1.0000000000
 2138.1009000 117.41760254 0.0000929667 0.0008009500 0.0560690276 1.0000000000
 2138.6009000 118.11747742 0.0002095425 0.0007957200 0.2889826596 0.0000000000
 2139.1009000 118.50401306 0.0003025008 0.0007979700 0.5985256433 0.0000000000
 2139.6009000 117.65051270 0.0003019927 0.0008048000 0.5854358673 1.0000000000
 2140.1009000 117.08645630 0.0003170912 0.0008047100 0.6455973983 1.0000000000
 2140.6009000 117.66790771 0.0003939536 0.0008004300 1.0082745552 1.0000000000
 2141.1009000 117.97592926 0.0004482018 0.0008026700 1.2970772982 1.0000000000
 2141.6009000 117.20188141 0.0004129539 0.0008095200 1.0806933641 1.0000000000
 2142.1009000 116.55422211 0.0003848551 0.0008133500 0.9289323092 1.0000000000
 2142.6009000 116.40672302 0.0003850492 0.0008145000 0.9269834161 1.0000000000
 2143.1009000 116.31733704 0.0003694041 0.0008142500 0.8537608385 1.0000000000
 2143.6009000 116.45790863 0.0002910753 0.0008126399 0.5323960185 1.0000000000
 2144.1009000 116.65260315 0.0002120696 0.0008097300 0.2848447561 1.0000000000
 2144.6009000 117.06140137 0.0001303844 0.0008051600 0.1090211198 1.0000000000
 2145.1009000 117.59957123 0.0000633072 0.0007975100 0.0262474436 0.0000000000
 2145.6009000 118.64965820 0.0000540411 0.0007879800 0.0196388122 0.0000000000
 2146.1009000 119.58048248 0.0000506112 0.0007812800 0.0175516531 0.0000000000
 2146.6009000 120.03929138 0.0000702779 0.0007768400 0.0342695564 0.0000000000
 2147.1009000 120.50221252 0.0000984528 0.0007723000 0.0681282580 0.0000000000
 2147.6009000 120.98148346 0.0001602990 0.0007687100 0.1824668199 0.0000000000
 2148.1009000 121.24539948 0.0002130777 0.0007702700 0.3209678531 0.0000000000
 2148.6009000 120.65711975 0.0002299724 0.0007764200 0.3673995435 0.0000000000
 2149.1009000 119.97142029 0.0002401558 0.0007848800 0.3912181854 0.0000000000
 2149.6009000 118.90019226 0.0002237794 0.0007944300 0.3307637274 0.0000000000
 2150.1009000 117.98895264 0.0002007786 0.0008001600 0.2620871961 1.0000000000
 2150.6009000 117.71092987 0.0001515617 0.0008029100 0.1482217163 1.0000000000
 2151.1009000 117.41734314 0.0001076002 0.0008060301 0.0740718916 1.0000000000
 2151.6009000 117.06210327 0.0000844371 0.0008076300 0.0454149991 1.0000000000
 2152.1009000 117.08692932 0.0000669538 0.0008001500 0.0291456580 1.0000000000
 2152.6009000 118.61582947 0.0000719485 0.0007857100 0.0350321420 0.0000000000
 2153.1009000 120.08354950 0.0000746308 0.0007727300 0.0390998423 0.0000000000
 2153.6009000 121.30908966 0.0000681617 0.0007599200 0.0338369422 0.0000000000
 2154.1009000 122.74388123 0.0000627287 0.0007421000 0.0301935803 0.0000000000
 2154.6009000 125.00679016 0.0000613960 0.0007221900 0.0307076424 0.0000000000
 2155.1009000 126.87699890 0.0000586484 0.0007116600 0.0289409235 0.0000000000
 2155.6009000 127.19309235 0.0000503012 0.0007098400 0.0214093681 0.0000000000
 2156.1009000 127.25610352 0.0000427056 0.0007140600 0.0152318841 0.0000000000
 2156.6009000 126.31749725 0.0000380844 0.0007242199 0.0117430203 0.0000000000
 2157.1009000 125.14697266 0.0000353962 0.0007399200 0.0096762544 0.0000000000
 2157.6009000 123.05856323 0.0000403578 0.0007615199 0.0118074454 0.0000000000
 2158.1009000 120.66145325 0.0000490005 0.0007905100 0.0160326157 0.0000000000
 2158.6009000 117.04267883 0.0000722113 0.0008240400 0.0317778066 1.0000000000
 2159.1009000 113.70015717 0.0001016464 0.0008509700 0.0586640947 1.0000000000
 2159.6009000 111.45089722 0.0001557140 0.0008716500 0.1305878907 1.0000000000
 2160.1009000 109.40859222 0.0002003481 0.0008873900 0.2078348845 1.0000000000
 2160.6009000 108.18531799 0.0002076485 0.0008951900 0.2189998925 1.0000000000
 2161.1009000 107.78784943 0.0002111515 0.0008832700 0.2332291901 1.0000000000
 2161.6009000 110.65854645 0.0001996269 0.0008562700 0.2232000828 1.0000000000
 2162.1009000 113.39140320 0.0001808221 0.0008325700 0.1947948784 1.0000000000
 2162.6009000 115.57872009 0.0001332065 0.0008121000 0.1116631329 1.0000000000
 2163.1009000 117.64261627 0.0000934032 0.0007945700 0.0576014109 0.0000000000
 2163.6009000 119.21807098 0.0000845176 0.0007809200 0.0489958860 0.0000000000
 2164.1009000 120.47708893 0.0000748957 0.0007748200 0.0391445681 0.0000000000
 2164.6009000 120.48384857 0.0000623599 0.0007743400 0.0271745063 0.0000000000
 2165.1009000 120.57569885 0.0000504367 0.0007718400 0.0179032870 0.0000000000
 2165.6009000 121.00428009 0.0000409372 0.0007672300 0.0119508710 0.0000000000
 2166.1009000 121.53137207 0.0000321458 0.0007602700 0.0075182836 0.0000000000
 2166.6009000 122.44828033 0.0000261567 0.0007519700 0.0050994591 0.0000000000
 2167.1009000 123.25370026 0.0000220461 0.0007463400 0.0036830150 0.0000000000
 2167.6009000 123.61781311 0.0000253699 0.0007436600 0.0049160179 0.0000000000
 2168.1009000 123.80944824 0.0000290648 0.0007451100 0.0064246678 0.0000000000
 2168.6009000 123.31852722 0.0000342286 0.0007517200 0.0087388819 0.0000000000
 2169.1009000 122.43734741 0.0000401232 0.0007676400 0.0114668831 0.0000000000
 2169.6009000 120.01164246 0.0000489100 0.0007912900 0.0159388520 0.0000000000
 2170.1009000 117.53045654 0.0000722968 0.0008162500 0.0325256921 1.0000000000
 2170.6009000 114.82971191 0.0001534632 0.0008419000 0.1369099915 1.0000000000
 2171.1009000 112.20671844 0.0002222292 0.0008656899 0.2700255811 1.0000000000
 2171.6009000 109.89150238 0.0002419204 0.0008838800 0.3056889772 1.0000000000
 2172.1009000 108.42871094 0.0002573414 0.0008817200 0.3477696180 1.0000000000
 2172.6009000 110.33950043 0.0002558627 0.0008625800 0.3607906103 1.0000000000
 2173.1009000 112.40296936 0.0002375551 0.0008397900 0.3298777938 1.0000000000
 2173.6009000 115.07066345 0.0001526468 0.0008153500 0.1453511715 1.0000000000
 2174.1009000 117.47746277 0.0000804625 0.0007971300 0.0424446017 0.0000000000
 2174.6009000 118.85182953 0.0000586333 0.0007879100 0.0231227949 0.0000000000
 2175.1009000 119.39058685 0.0000425925 0.0007986400 0.0118438955 0.0000000000
 2175.6009000 116.62246704 0.0000494592 0.0008268700 0.0147956107 1.0000000000
 2176.1009000 113.53114319 0.0000556041 0.0008628100 0.0170294046 1.0000000000
 2176.6009000 109.16062927 0.0000588921 0.0009017900 0.0173333231 1.0000000000
 2177.1009000 105.44152069 0.0000652240 0.0009252100 0.0200949199 1.0000000000
 2177.6009000 104.30030823 0.0000836022 0.0009343400 0.0323090553 1.0000000000
 2178.1009000 103.54608154 0.0000975315 0.0009342200 0.0439847410 1.0000000000
 2178.6009000 104.32331085 0.0000938548 0.0009238600 0.0417425558 1.0000000000
 2179.1009000 105.69728851 0.0000904208 0.0008992400 0.0411159061 1.0000000000
 2179.6009000 109.43289185 0.0000879476 0.0008639500 0.0424788445 1.0000000000
 2180.1009000 113.02401733 0.0000861259 0.0008321099 0.0442455634 1.0000000000
 2180.6009000 116.04335022 0.0000868824 0.0008034800 0.0486316234 1.0000000000
 2181.1009000 118.96671295 0.0000866204 0.0007771500 0.0520151258 0.0000000000
 2181.6009000 121.51026917 0.0000823273 0.0007552200 0.0500410274 0.0000000000
 2182.1009000 123.51870728 0.0000791306 0.0007460600 0.0474882871 0.0000000000
 2182.6009000 123.40946198 0.0000802728 0.0007500399 0.0483004525 0.0000000000
 2183.1009000 122.69258118 0.0000808694 0.0007685400 0.0464624092 0.0000000000
 2183.6009000 119.57102203 0.0000793065 0.0007976200 0.0411780961 0.0000000000
 2184.1009000 116.65714264 0.0000877102 0.0008217299 0.0471733175 1.0000000000
 2184.6009000 114.56520081 0.0001355568 0.0008404700 0.1072244793 1.0000000000
 2185.1009000 112.76586914 0.0001757262 0.0008522299 0.1747624576 1.0000000000
 2185.6009000 112.12451172 0.0001855129 0.0008557300 0.1930222809 1.0000000000
 2186.1009000 112.03928375 0.0001890975 0.0008459500 0.2056899071 1.0000000000
 2186.6009000 114.15496063 0.0001681369 0.0008280000 0.1704745144 1.0000000000
 2187.1009000 115.76616669 0.0001450207 0.0008220800 0.1288395524 1.0000000000
 2187.6009000 115.38092804 0.0001133735 0.0008275000 0.0776128024 1.0000000000
 2188.1009000 114.64170837 0.0000888034 0.0008413800 0.0459067263 1.0000000000
 2188.6009000 112.50151825 0.0000922413 0.0008635300 0.0467779227 1.0000000000
 2189.1009000 110.04498291 0.0001149223 0.0008932200 0.0674062744 1.0000000000
 2189.6009000 106.33641815 0.0002137580 0.0009270500 0.2148907632 1.0000000000
 2190.1009000 103.02335358 0.0003043302 0.0009514300 0.4113970101 1.0000000000
 2190.6009000 101.27548981 0.0003622001 0.0009654200 0.5643147230 1.0000000000
 2191.1009000 100.11855316 0.0004079745 0.0009653000 0.7161581516 1.0000000000
 2191.6009000 101.30014038 0.0004058803 0.0009540400 0.7273602486 1.0000000000
 2192.1009000 102.45551300 0.0003866279 0.0009434200 0.6764491796 1.0000000000
 2192.6009000 103.50704956 0.0002994713 0.0009369100 0.4120737910 1.0000000000
 2193.1009000 103.80716705 0.0002684384 0.0009483400 0.3223801851 1.0000000000
 2193.6009000 101.13352203 0.0004595159 0.0009807100 0.8774283528 1.0000000000
 2194.1009000 97.085762024 0.0006713927 0.0010459099 1.6257951260 1.0000000000
 2194.6009000 87.599945068 0.0009655837 0.0011381101 2.7923798561 1.0000000000
 2195.1009000 77.945343018 0.0019702970 0.0012194000 9.9894542694 1.0000000000
 2195.6009000 67.622787476 0.0057869116 0.0012896401 76.183853149 2.0000000000
 2196.1009000 57.789337158 0.0091013154 0.0015264399 130.05078125 3.0000000000
 2196.6009000 49.891506195 0.0104282107 0.0016654800 140.93954468 3.0000000000
 2197.1009000 43.251789093 0.0115037682 0.0015629200 197.25106812 3.0000000000
 2197.6009000 41.591091156 0.0115846619 0.0013986001 255.41178894 3.0000000000
 2198.1009000 40.334220886 0.0109216599 0.0014540900 208.38980103 3.0000000000
 2198.6009000 40.675487518 0.0073146904 0.0015605600 80.015640259 2.0000000000
 2199.1009000 41.268634796 0.0042562438 0.0014176599 33.465278625 1.0000000000
 2199.6009000 42.858615875 0.0033685802 0.0014312799 20.525781631 1.0000000000
 2200.1009000 44.073699951 0.0027176533 0.0015260901 11.601435661 2.0000000000
 2200.6009000 43.805107117 0.0030036133 0.0015842500 13.051963806 2.0000000000
 2201.1009000 43.443729401 0.0033092345 0.0015556701 16.490606308 2.0000000000
 2201.6009000 42.715152740 0.0036926635 0.0014631700 23.498001099 1.0000000000
 2202.1009000 42.039173126 0.0046905028 0.0014291200 39.928932190 1.0000000000
 2202.6009000 41.571342468 0.0081198765 0.0015634600 98.199203491 3.0000000000
 2203.1009000 41.448524475 0.0111399777 0.0016509800 163.95953369 3.0000000000
 2203.6009000 42.691078186 0.0125403721 0.0015732800 231.01895142 3.0000000000
 2204.1009000 44.118946075 0.0136270775 0.0015162400 295.88024902 3.0000000000
 2204.6009000 46.280181885 0.0134723606 0.0016150400 251.70054626 3.0000000000
 2205.1009000 48.261230469 0.0125453901 0.0017342700 186.59996033 3.0000000000
 2205.6009000 49.529178619 0.0085622277 0.0014960200 120.31264496 3.0000000000
 2206.1009000 50.559749603 0.0049977968 0.0013020501 55.638610840 1.0000000000
 2206.6009000 50.650901794 0.0030905153 0.0013318200 20.243312836 1.0000000000
 2207.1009000 50.400382996 0.0015152573 0.0014615799 3.9660949707 1.0000000000
 2207.6009000 48.797698975 0.0012539892 0.0014734099 2.6685519218 1.0000000000
 2208.1009000 47.500999451 0.0013879824 0.0013447200 3.9974017143 1.0000000000
 2208.6009000 47.415245056 0.0030862286 0.0014034000 17.991069794 1.0000000000
 2209.1009000 47.309043884 0.0045259940 0.0014488100 36.074707031 1.0000000000
 2209.6009000 47.121929169 0.0049428167 0.0015037800 39.640903473 2.0000000000
 2210.1009000 47.460506439 0.0053844946 0.0015031800 47.083171844 2.0000000000
 2210.6009000 49.879520416 0.0059245392 0.0013894200 67.775909424 2.0000000000
 2211.1009000 52.246471405 0.0060384879 0.0013376500 76.542549133 2.0000000000
 2211.6009000 54.407382965 0.0044661565 0.0013659600 39.985664368 1.0000000000
 2212.1009000 56.815799713 0.0030923190 0.0012387800 23.767383575 1.0000000000
 2212.6009000 60.203731537 0.0025040247 0.0012730401 14.676571846 1.0000000000
 2213.1009000 63.198387146 0.0019121340 0.0013027299 8.1349887848 1.0000000000
 2213.6009000 64.636634827 0.0013060095 0.0011606000 4.8931779861 1.0000000000
 2214.1009000 66.031150818 0.0008373359 0.0012459600 1.7206417322 1.0000000000
 2214.6009000 67.252578735 0.0009126263 0.0012802701 1.9254065752 1.0000000000
 2215.1009000 68.783432007 0.0009917441 0.0012596201 2.3565258980 1.0000000000
 2215.6009000 71.538833618 0.0010860092 0.0012303600 2.9757480621 1.0000000000
 2216.1009000 74.856185913 0.0011633879 0.0011876900 3.6906452179 1.0000000000
 2216.6009000 80.397407532 0.0011739375 0.0011349500 4.1528010368 1.0000000000
 2217.1009000 85.805198669 0.0011365326 0.0010854000 4.2940411568 1.0000000000
 2217.6009000 90.684974670 0.0009093477 0.0010425900 3.0033786297 1.0000000000
 2218.1009000 94.690757751 0.0007093136 0.0010206600 1.9148645401 1.0000000000
 2218.6009000 95.237739563 0.0006167296 0.0010195200 1.4511722326 1.0000000000
 2219.1009000 94.927307129 0.0005327144 0.0010388601 1.0388749838 1.0000000000
 2219.6009000 91.223632813 0.0004826096 0.0010763700 0.7886357903 1.0000000000
 2220.1009000 87.139472961 0.0004359766 0.0011229700 0.5862953663 1.0000000000
 2220.6009000 81.549568176 0.0004030832 0.0011759000 0.4528710842 1.0000000000
 2221.1009000 76.152343750 0.0004022864 0.0012242300 0.4128306508 1.0000000000
 2221.6009000 71.517677307 0.0005285126 0.0012663599 0.6614315510 1.0000000000
 2222.1009000 67.146194458 0.0009930870 0.0013310499 2.0928928852 1.0000000000
 2222.6009000 63.816295624 0.0027966783 0.0015515301 11.847114563 2.0000000000
 2223.1009000 60.614246368 0.0044646738 0.0017802800 22.310287476 2.0000000000
 2223.6009000 57.918174744 0.0055960431 0.0015664201 46.447673798 2.0000000000
 2224.1009000 55.757663727 0.0065957285 0.0012586500 104.40819550 2.0000000000
 2224.6009000 55.716629028 0.0070742718 0.0013400300 104.64332581 2.0000000000
 2225.1009000 56.098041534 0.0071266862 0.0013245801 108.94396973 2.0000000000
 2225.6009000 58.151294708 0.0054926844 0.0011785500 83.676536560 1.0000000000
 2226.1009000 60.758785248 0.0039843256 0.0011814201 43.794551849 1.0000000000
 2226.6009000 65.559654236 0.0029731984 0.0012264900 22.458820343 1.0000000000
 2227.1009000 70.097671509 0.0020765641 0.0012433800 10.630706787 1.0000000000
 2227.6009000 73.595443726 0.0016330348 0.0012102600 6.9768242836 1.0000000000
 2228.1009000 76.973167419 0.0012466083 0.0011800100 4.2984461784 1.0000000000
 2228.6009000 79.875816345 0.0010861682 0.0011542300 3.4257133007 1.0000000000
 2229.1009000 82.324493408 0.0009219876 0.0011392900 2.5401229858 1.0000000000
 2229.6009000 82.976562500 0.0007430042 0.0011347800 1.6640901566 1.0000000000
 2230.1009000 83.260574341 0.0006185269 0.0011390600 1.1437065601 1.0000000000
 2230.6009000 82.087982178 0.0007097583 0.0011516300 1.4700510502 1.0000000000
 2231.1009000 80.651405334 0.0008163644 0.0011705100 1.8764754534 1.0000000000
 2231.6009000 78.170173645 0.0009838163 0.0011940200 2.6085700989 1.0000000000
 2232.1009000 75.769035339 0.0011236097 0.0012156300 3.2709047794 1.0000000000
 2232.6009000 73.684883118 0.0011539436 0.0012333300 3.3419096470 1.0000000000
 2233.1009000 72.096321106 0.0011555513 0.0012391900 3.3164622784 1.0000000000
 2233.6009000 72.469024658 0.0010434752 0.0012343900 2.7275269032 1.0000000000
 2234.1009000 73.091857910 0.0009244516 0.0012236200 2.1824579239 1.0000000000
 2234.6009000 74.704559326 0.0007779329 0.0012073000 1.5918086767 1.0000000000
 2235.1009000 76.479629517 0.0006514038 0.0011871000 1.1583199501 1.0000000000
 2235.6009000 78.897216797 0.0006039829 0.0011663600 1.0351839066 1.0000000000
 2236.1009000 80.785049438 0.0005624177 0.0011582799 0.9114403129 1.0000000000
 2236.6009000 80.576332092 0.0005440264 0.0011640600 0.8435176015 1.0000000000
 2237.1009000 79.584861755 0.0005292294 0.0011885300 0.7625452280 1.0000000000
 2237.6009000 75.495628357 0.0005286577 0.0012115299 0.7294809818 1.0000000000
 2238.1009000 70.935882568 0.0007350849 0.0011963700 1.4500094652 1.0000000000
 2238.6009000 64.514106750 0.0017607128 0.0013112701 6.7991456985 1.0000000000
 2239.1009000 58.541286469 0.0028549358 0.0014901500 13.492322922 1.0000000000
 2239.6009000 54.345203400 0.0042206263 0.0015492099 27.071430206 2.0000000000
 2240.1009000 51.299427032 0.0053902762 0.0016309599 39.431819916 2.0000000000
 2240.6009000 52.805992126 0.0057840981 0.0015657500 49.668605804 2.0000000000
 2241.1009000 55.098983765 0.0058934987 0.0011577200 100.18866730 2.0000000000
 2241.6009000 60.504261017 0.0048773005 0.0009782499 99.396110535 1.0000000000
 2242.1009000 66.071189880 0.0037839520 0.0011563100 41.412155151 1.0000000000
 2242.6009000 72.277839661 0.0023852787 0.0012127600 14.817453384 1.0000000000
 2243.1009000 77.771949768 0.0011909499 0.0011734100 3.9718925953 1.0000000000
 2243.6009000 80.446166992 0.0008053145 0.0011490900 1.9017441273 1.0000000000
 2244.1009000 82.819633484 0.0005304446 0.0011319600 0.8528089523 1.0000000000
 2244.6009000 84.002861023 0.0006939324 0.0011218101 1.4887156487 1.0000000000
 2245.1009000 84.926269531 0.0008239002 0.0011178700 2.1148929596 1.0000000000
 2245.6009000 84.821418762 0.0008212127 0.0011190800 2.0961229801 1.0000000000
 2246.1009000 84.674537659 0.0008166421 0.0011213000 2.0638375282 1.0000000000
 2246.6009000 84.361312866 0.0008046193 0.0011272600 1.9802855253 1.0000000000
 2247.1009000 83.437126160 0.0008176438 0.0011478100 1.9652341604 1.0000000000
 2247.6009000 80.095077515 0.0009297936 0.0011802600 2.3901338577 1.0000000000
 2248.1009000 76.699623108 0.0010754333 0.0012139900 3.0053408146 1.0000000000
 2248.6009000 73.092849731 0.0013536102 0.0012457300 4.4983644485 1.0000000000
 2249.1009000 70.111915588 0.0015840378 0.0012625200 5.9814558029 1.0000000000
 2249.6009000 69.607765198 0.0016254971 0.0012624901 6.2989897728 1.0000000000
 2250.1009000 70.119415283 0.0016006837 0.0012381900 6.3749823570 1.0000000000
 2250.6009000 74.651153564 0.0013135944 0.0011938800 4.6516723633 1.0000000000
 2251.1009000 79.318397522 0.0010192929 0.0011463300 3.0627863407 1.0000000000
 2251.6009000 84.521896362 0.0006964488 0.0010994800 1.5673512220 1.0000000000
 2252.1009000 89.044372559 0.0004203811 0.0010688900 0.6076223254 1.0000000000
 2252.6009000 90.871719360 0.0003294318 0.0010547801 0.3842154145 1.0000000000
 2253.1009000 91.973068237 0.0002784330 0.0010580100 0.2726239264 1.0000000000
 2253.6009000 90.201240540 0.0003855390 0.0010770899 0.5025535822 1.0000000000
 2254.1009000 88.012664795 0.0005408050 0.0011061199 0.9326454401 1.0000000000
 2254.6009000 84.174827576 0.0008866652 0.0011411100 2.3409860134 1.0000000000
 2255.1009000 80.749626160 0.0011982622 0.0011662300 4.0754776001 1.0000000000
 2255.6009000 78.957450867 0.0013742619 0.0011823301 5.2013225555 1.0000000000
 2256.1009000 77.409576416 0.0014980084 0.0011925800 6.0639548302 1.0000000000
 2256.6009000 76.828544617 0.0014149604 0.0011950501 5.3856625557 1.0000000000
 2257.1009000 76.897613525 0.0012711403 0.0011819900 4.4528350830 1.0000000000
 2257.6009000 79.539428711 0.0008868129 0.0011586699 2.2643971443 1.0000000000
 2258.1009000 81.737167358 0.0005388330 0.0011459601 0.8565161824 1.0000000000
 2258.6009000 82.177436829 0.0003346989 0.0011433801 0.3321155012 1.0000000000
 2259.1009000 82.273139954 0.0001748590 0.0011490301 0.0896699056 1.0000000000
 2259.6009000 81.005195618 0.0001903143 0.0011671900 0.1026198342 1.0000000000
 2260.1009000 78.503997803 0.0002231177 0.0012370599 0.1241104379 1.0000000000
 2260.6009000 71.122215271 0.0003245762 0.0013867900 0.2042724937 1.0000000000
 2261.1009000 64.197647095 0.0007711739 0.0014067299 1.1174832582 1.0000000000
 2261.6009000 59.082515717 0.0025836644 0.0014213599 12.260925293 1.0000000000
 2262.1009000 54.973529816 0.0042024618 0.0014326400 31.879095078 1.0000000000
 2262.6009000 54.846370697 0.0050547165 0.0012633200 60.822490692 1.0000000000
 2263.1009000 56.343437195 0.0057084141 0.0011766700 90.696533203 2.0000000000
 2263.6009000 64.268409729 0.0055763209 0.0012135800 80.862098694 2.0000000000
 2264.1009000 71.871223450 0.0051284498 0.0012126600 68.508789063 1.0000000000
 2264.6009000 78.199104309 0.0034308839 0.0011592701 33.853679657 1.0000000000
 2265.1009000 82.954101563 0.0019215749 0.0011434500 10.945530891 1.0000000000
 2265.6009000 81.484375000 0.0011572925 0.0011627200 3.8268456459 1.0000000000
 2266.1009000 78.955047607 0.0007187577 0.0012072900 1.3588749170 1.0000000000
 2266.6009000 72.232322693 0.0015693739 0.0012686800 5.8086905479 1.0000000000
 2267.1009000 65.920890808 0.0023116865 0.0013193899 11.562106133 1.0000000000
 2267.6009000 61.237174988 0.0026253858 0.0013619099 13.907844543 1.0000000000
 2268.1009000 58.387100220 0.0028532473 0.0013249699 17.451211929 1.0000000000
 2268.6009000 62.793716431 0.0027414062 0.0012719100 17.625551224 1.0000000000
 2269.1009000 68.395904541 0.0024849246 0.0012268500 15.677803993 1.0000000000
 2269.6009000 78.729576111 0.0016560262 0.0011281599 8.3737297058 1.0000000000
 2270.1009000 88.883537292 0.0009109901 0.0010337500 3.0712354183 1.0000000000
 2270.6009000 98.326316833 0.0004978392 0.0009499400 1.1047058105 1.0000000000
 2271.1009000 106.28073883 0.0001757327 0.0009016700 0.1543833613 1.0000000000
 2271.6009000 108.34497833 0.0002139354 0.0008896900 0.2356352210 1.0000000000
 2272.1009000 108.76908112 0.0002666567 0.0009168700 0.3426321149 1.0000000000
 2272.6009000 102.70226288 0.0003768357 0.0009762700 0.5960053802 1.0000000000
 2273.1009000 96.438262939 0.0004979116 0.0010403800 0.9046531320 1.0000000000
 2273.6009000 89.393974304 0.0006621121 0.0011061900 1.3977763653 1.0000000000
 2274.1009000 82.778518677 0.0008017097 0.0011617601 1.8398314714 1.0000000000
 2274.6009000 77.860160828 0.0008439401 0.0012051000 1.8809294701 1.0000000000
 2275.1009000 73.781585693 0.0009140681 0.0012283800 2.1155586243 1.0000000000
 2275.6009000 73.026458740 0.0010946004 0.0012359900 2.9928045273 1.0000000000
 2276.1009000 72.202247620 0.0012532079 0.0012452400 3.8591310978 1.0000000000
 2276.6009000 71.104629517 0.0013250459 0.0012541700 4.2469563484 1.0000000000
 2277.1009000 70.349327087 0.0013869568 0.0012549200 4.6469769478 1.0000000000
 2277.6009000 70.948776245 0.0014095807 0.0012505300 4.8369636536 1.0000000000
 2278.1009000 71.260253906 0.0013756088 0.0012530200 4.5865097046 1.0000000000
 2278.6009000 70.432090759 0.0011176575 0.0012584301 2.9991176128 1.0000000000
 2279.1009000 70.137702942 0.0010635953 0.0012510900 2.7511737347 1.0000000000
 2279.6009000 71.955741882 0.0018164268 0.0012337599 8.2742443085 1.0000000000
 2280.1009000 73.734710693 0.0025067499 0.0012173600 16.229312897 1.0000000000
 2280.6009000 75.359085083 0.0029496951 0.0011983300 23.264093399 1.0000000000
 2281.1009000 77.685089111 0.0033037695 0.0011625401 31.197662354 1.0000000000
 2281.6009000 82.787796021 0.0033061374 0.0011160700 34.175956726 1.0000000000
 2282.1009000 87.333297729 0.0031392570 0.0010829000 32.927547455 1.0000000000
 2282.6009000 89.673698425 0.0023025763 0.0010617900 18.498777390 1.0000000000
 2283.1009000 91.715782166 0.0015536647 0.0010478001 8.6716566086 1.0000000000
 2283.6009000 92.577293396 0.0011521034 0.0010428401 4.8184123039 1.0000000000
 2284.1009000 92.746475220 0.0008355391 0.0010544100 2.4735040665 1.0000000000
 2284.6009000 90.175773621 0.0008553512 0.0010790699 2.4636547565 1.0000000000
 2285.1009000 87.626060486 0.0009305892 0.0011032401 2.7774224281 1.0000000000
 2285.6009000 85.159408569 0.0012251751 0.0011275801 4.5885143280 1.0000000000
 2286.1009000 82.574172974 0.0015009635 0.0011547400 6.5354423523 1.0000000000
 2286.6009000 79.519638062 0.0017023596 0.0011818700 7.9882063866 1.0000000000
 2287.1009000 76.942710876 0.0018680230 0.0011975900 9.3430023193 1.0000000000
 2287.6009000 76.255882263 0.0018922733 0.0012030300 9.4920396805 1.0000000000
 2288.1009000 75.814613342 0.0018230897 0.0012026000 8.8175811768 1.0000000000
 2288.6009000 76.345146179 0.0013841382 0.0011970700 5.1344738007 1.0000000000
 2289.1009000 76.962875366 0.0010186557 0.0011894500 2.8202862740 1.0000000000
 2289.6009000 77.925704956 0.0009439280 0.0011816600 2.4569380283 1.0000000000
 2290.1009000 78.579116821 0.0009203854 0.0011812700 2.3376057148 1.0000000000
 2290.6009000 78.007995605 0.0010994083 0.0011846100 3.3147604465 1.0000000000
 2291.1009000 77.886116028 0.0012542597 0.0011772100 4.3741760254 1.0000000000
 2291.6009000 79.542053223 0.0013134524 0.0011593000 4.9613270760 1.0000000000
 2292.1009000 81.604484558 0.0013030979 0.0011316900 5.1493649483 1.0000000000
 2292.6009000 85.275581360 0.0010175110 0.0010971300 3.3613243103 1.0000000000
 2293.1009000 88.776679993 0.0007383996 0.0010666400 1.8834042549 1.0000000000
 2293.6009000 91.604972839 0.0004849149 0.0010429600 0.8533796668 1.0000000000
 2294.1009000 93.692634583 0.0002733810 0.0010369701 0.2746951580 1.0000000000
 2294.6009000 92.849243164 0.0002278679 0.0010472600 0.1867438704 1.0000000000
 2295.1009000 91.555160522 0.0001949552 0.0010683200 0.1308358759 1.0000000000
 2295.6009000 88.477462769 0.0002119089 0.0010981699 0.1454873383 1.0000000000
 2296.1009000 85.358322144 0.0002328852 0.0011290100 0.1653288752 1.0000000000
 2296.6009000 82.075141907 0.0002697814 0.0011614200 0.2084719837 1.0000000000
 2297.1009000 78.632034302 0.0004079587 0.0011976400 0.4455686510 1.0000000000
 2297.6009000 74.556030273 0.0009469569 0.0012366200 2.2373843193 1.0000000000
 2298.1009000 70.540336609 0.0015628642 0.0012668399 5.7790260315 1.0000000000
 2298.6009000 66.763298035 0.0024831393 0.0012695300 14.520701408 1.0000000000
 2299.1009000 63.595912933 0.0032885871 0.0013052601 23.959907532 1.0000000000
 2299.6009000 62.841270447 0.0036396049 0.0014041300 24.992652893 1.0000000000
 2300.1009000 63.130355835 0.0038192223 0.0013719299 28.961406708 1.0000000000
 2300.6009000 67.550010681 0.0033205238 0.0012632101 26.252271652 1.0000000000
 2301.1009000 72.025718689 0.0027386998 0.0012190200 19.313680649 1.0000000000
 2301.6009000 76.723274231 0.0018279057 0.0011773100 9.2885456085 1.0000000000
 2302.1009000 80.684333801 0.0011272362 0.0011531900 3.6969866753 1.0000000000
 2302.6009000 81.730682373 0.0012581361 0.0011462000 4.6674790382 1.0000000000
 2303.1009000 82.134910583 0.0014308372 0.0011545500 5.9411759377 1.0000000000
 2303.6009000 79.997909546 0.0017689668 0.0011726200 8.7759332657 1.0000000000
 2304.1009000 78.383560181 0.0020346867 0.0011782200 11.489391327 1.0000000000
 2304.6009000 78.837631226 0.0020138447 0.0011696400 11.437657356 1.0000000000
 2305.1009000 80.164520264 0.0018942207 0.0011402101 10.702726364 1.0000000000
 2305.6009000 84.945549011 0.0013836680 0.0010955599 6.2354001999 1.0000000000
 2306.1009000 89.432891846 0.0008983754 0.0010579299 2.8386409283 1.0000000000
 2306.6009000 92.758003235 0.0005130488 0.0010303000 0.9812896848 1.0000000000
 2307.1009000 95.168907166 0.0002245912 0.0010245000 0.1903966367 1.0000000000
 2307.6009000 93.961814880 0.0003194938 0.0010400600 0.3727317154 1.0000000000
 2308.1009000 91.938217163 0.0004145298 0.0010751199 0.5833192468 1.0000000000
 2308.6009000 86.683265686 0.0005100943 0.0011250101 0.7993865013 1.0000000000
 2309.1009000 81.582519531 0.0005912060 0.0011712200 0.9828178883 1.0000000000
 2309.6009000 77.092063904 0.0006151211 0.0012123301 0.9861780405 1.0000000000
 2310.1009000 73.048942566 0.0006653602 0.0012427500 1.0926207304 1.0000000000
 2310.6009000 70.776176453 0.0008197774 0.0012624100 1.6023265123 1.0000000000
 2311.1009000 68.968421936 0.0009564663 0.0012709600 2.1490633488 1.0000000000
 2311.6009000 69.000953674 0.0010229950 0.0012698401 2.4631969929 1.0000000000
 2312.1009000 69.198959351 0.0010721154 0.0012647700 2.7293395996 1.0000000000
 2312.6009000 70.051795959 0.0010523422 0.0012578800 2.6613850594 1.0000000000
 2313.1009000 70.630470276 0.0010411148 0.0012575299 2.6064949036 1.0000000000
 2313.6009000 70.124160767 0.0010637071 0.0012639400 2.6905796528 1.0000000000
 2314.1009000 69.300460815 0.0011597880 0.0012456100 3.3030614853 1.0000000000
 2314.6009000 67.220718384 0.0015467016 0.0011570500 6.9093689919 1.0000000000
 2315.1009000 65.190361023 0.0019191451 0.0012898401 8.3760004044 1.0000000000
 2315.6009000 63.355453491 0.0022343225 0.0013906700 9.6205244064 1.0000000000
 2316.1009000 61.993770599 0.0025383413 0.0011545500 18.697864532 1.0000000000
 2316.6009000 62.504863739 0.0027981976 0.0011765501 21.797859192 1.0000000000
 2317.1009000 63.129089355 0.0029692815 0.0013351400 18.584196091 1.0000000000
 2317.6009000 64.201057434 0.0027890466 0.0013339401 16.429019928 1.0000000000
 2318.1009000 65.370315552 0.0026495447 0.0013124400 15.366242409 1.0000000000
 2318.6009000 66.924613953 0.0026712422 0.0012836300 16.400566101 1.0000000000
 2319.1009000 68.415290833 0.0026338869 0.0012704700 16.310697556 1.0000000000
 2319.6009000 69.654136658 0.0023628289 0.0012565701 13.447877884 1.0000000000
 2320.1009000 71.301010132 0.0021076030 0.0012329200 11.156317711 1.0000000000
 2320.6009000 74.562705994 0.0019150336 0.0012003700 9.7692108154 1.0000000000
 2321.1009000 78.057723999 0.0017201327 0.0011622499 8.4618415833 1.0000000000
 2321.6009000 82.476173401 0.0015160067 0.0011175900 7.1644144058 1.0000000000
 2322.1009000 87.328689575 0.0012990645 0.0010625600 5.8787336349 1.0000000000
 2322.6009000 93.899017334 0.0010314063 0.0009995900 4.2388825417 1.0000000000
 2323.1009000 100.40106964 0.0007753584 0.0009382500 2.7536208630 1.0000000000
 2323.6009000 106.63285065 0.0005652591 0.0008828300 1.6732683182 1.0000000000
 2324.1009000 111.90561676 0.0003657966 0.0008503100 0.7610431910 1.0000000000
 2324.6009000 113.38308716 0.0002084293 0.0008433200 0.2516136169 1.0000000000
 2325.1009000 113.35739136 0.0001008246 0.0008722200 0.0546708852 1.0000000000
 2325.6009000 107.38292694 0.0001901567 0.0009345900 0.1670540422 1.0000000000
 2326.1009000 100.40963745 0.0002990427 0.0010208200 0.3402343392 1.0000000000
 2326.6009000 89.483451843 0.0004853131 0.0011228400 0.7266824245 1.0000000000
 2327.1009000 79.232429504 0.0006627985 0.0011904400 1.1918085814 1.0000000000
 2327.6009000 71.653388977 0.0008055184 0.0012127100 1.6899956465 1.0000000000
 2328.1009000 65.178222656 0.0009084216 0.0013903099 1.5912169218 1.0000000000
 2328.6009000 63.071620941 0.0008537507 0.0014714301 1.2406090498 1.0000000000
 2329.1009000 62.138729095 0.0008500466 0.0012475799 1.7682149410 1.0000000000
 2329.6009000 65.850814819 0.0010480444 0.0011904800 2.9796879292 1.0000000000
 2330.1009000 69.621711731 0.0012387763 0.0012455300 3.7688298225 1.0000000000
 2330.6009000 73.625343323 0.0014007523 0.0012071400 5.1624503136 1.0000000000
 2331.1009000 77.591308594 0.0015721929 0.0011696500 6.9708962440 1.0000000000
 2331.6009000 81.408157349 0.0017810871 0.0011353401 9.5519752502 1.0000000000
 2332.1009000 84.712974548 0.0019178784 0.0011132600 11.564572334 1.0000000000
 2332.6009000 85.991447449 0.0017693188 0.0011047400 10.010137558 1.0000000000
 2333.1009000 86.481857300 0.0016004134 0.0011150400 8.0246353149 1.0000000000
 2333.6009000 83.853515625 0.0013509877 0.0011426001 5.4192032814 1.0000000000
 2334.1009000 80.760421753 0.0014775154 0.0011812600 6.0242638588 1.0000000000
 2334.6009000 75.828056335 0.0030918843 0.0012286199 24.195123672 1.0000000000
 2335.1009000 70.929649353 0.0046397122 0.0012198100 55.352760315 1.0000000000
 2335.6009000 66.165626526 0.0059242016 0.0010502000 125.44728088 2.0000000000
 2336.1009000 62.024368286 0.0069380715 0.0011415001 143.22883606 2.0000000000
 2336.6009000 60.347717285 0.0068809576  -999.250000  -999.250000  -999.250000
 2337.1009000  -999.250000  -999.250000  -999.250000  -999.250000  -999.250000
 2337.6009000  -999.250000  -999.250000  -999.250000  -999.250000  -999.250000
